1
3
4
6
7
9
10
11
12
13
14
15
16
17
18
26
29
32
56
60
61
62
64
69
70
71
72
73
74
79
80
100
119
121
125
128
131
135
138
141
142
156
158
166
168
169
178
181
185
186
203
207
264
272
273
275
277
281
282
283
284
286
288
299
300
301
304
305
306
308
311
316
328
372
373
374
375
376
377
378
379
380
381
382
383
384
386
387
388
391
392
393
395
398
399
405
433
434
435
436
439
441
442
444
445
446
447
448
449
450
452
453
454
456
463
464
469
475
476
477
481
482
487
490
491
493
497
498
503
505
506
507
508
512
513
514
515
516
517
518
520
521
523
525
526
527
529
530
531
532
533
534
535
536
537
538
539
540
541
542
544
547
565
567
568
572
578
591
592
593
595
596
597
598
599
600
601
602
603
604
606
607
609
612
613
627
629
635
641
642
645
670
672
673
674
676
677
678
679
680
681
682
683
685
686
688
689
690
691
692
693
694
696
697
698
699
700
702
703
706
707
708
709
710
714
715
716
722
723
724
725
726
727
728
731
733
734
737
738
739
741
742
745
748
749
750
752
753
755
756
757
758
761
762
764
765
767
768
769
774
782
786
788
795
796
802
803
810
811
816
818
820
821
828
833
838
839
840
841
842
843
844
845
846
850
851
863
865
866
867
868
876
877
884
886
897
1369