     1   24.50   74.02
     2   22.60   71.51
     3   21.74   69.56
     4   20.34   66.09
     5   20.85   64.37
     6   23.28   83.22
     7   22.66   76.85
     8   23.15   75.53
     9   23.32   82.81
    10   23.93   80.96
    11   22.75   67.61
    12   22.69   82.40
    13   22.35   74.46
    14   23.38   78.15
    15   22.97   82.89
    16   24.50   80.97
    17   23.85   73.09
    18   22.49   80.17
    19   22.81   83.32
    20   23.17   77.20
    21   22.77   81.67
    22   20.75   73.61
    23   20.13   65.62
    24   19.94   73.51
    25   20.35   62.79
    26   19.31   64.11
    27   18.85   53.65
    28   20.06   57.33
    29   19.47   63.48
    30   19.27   66.44
    31   18.64   59.95
    32   18.57   58.56
    33   20.63   63.97
    34   17.94   70.16
    35   18.22   62.36
    36   18.34   56.77
    37   17.13   57.52
    38   17.84   55.63
    39   20.09   61.16
    40   22.11   79.93
    41   21.35   84.02
    42   24.89   83.12
    43   22.74   78.49
    44   24.89   72.88
    45   25.39   88.28
    46   26.30   98.18
    47   26.53   93.50
    48   28.88   97.98
    49   26.54   90.22
    50   27.06   92.31
    51   25.57   80.73
    52   24.06   76.72
    53   25.30   79.73
    54   30.47   88.93
    55   30.35   93.18
    56   27.54   87.54
    57   24.74   80.58
    58   24.43   81.27
    59   26.07   82.30
    60   24.98   78.18
    61   24.74   83.36
    62   27.74   81.52
    63   26.49   82.72
    64   27.53   93.82
    65   26.55   93.77
    66   25.82   93.02
    67   28.69   94.31
    68   29.32   93.86
    69   29.09   98.97
    70   29.12   88.10
    71   27.55   95.16
    72   27.18   99.23
    73   25.67   87.40
    74   26.73   92.05
    75   26.23   89.24
    76   25.50   92.64
    77   26.55   81.07
    78   21.42   71.00
    79   27.07   90.68
    80   27.64   94.69
    81   25.33   83.40
    82   26.71   96.96
    83   25.74   79.44
    84   25.21   95.17
    85   28.83   92.85
    86   27.18   86.02
    87   26.33   77.74
    88   27.88   80.26
    89   30.21   87.14
    90   33.19   96.85
    91   30.27   90.44
    92   28.89   85.64
    93   28.47   82.83
    94   28.57   85.42
    95   27.67   84.32
    96   26.80   80.83
    97   26.67   79.65
    98   27.97   87.61
    99   26.84   83.10
   100   24.90   80.13
   101   25.32   79.59
   102   23.89   80.10
   103   26.29   81.37
   104   27.36   83.83
   105   25.45   73.85
   106   23.04   68.70
   107   23.01   72.83
   108   21.53   65.32
   109   22.13   67.53
   110   23.69   82.10
   111   23.14   73.20
   112   24.84   73.32
   113   23.35   75.31
   114   24.80   83.83
   115   24.81   85.55
   116   21.77   68.96
   117   21.92   70.81
   118   21.65   67.51
   119   22.87   73.91
   120   23.15   81.77
   121   21.22   66.86
   122   23.25   74.61
   123   23.46   77.26
   124   23.40   78.38
   125   23.60   79.87
   126   24.32   73.20
   127   21.49   73.26
   128   20.10   62.80
   129   20.58   61.90
   130   23.23   75.19
   131   23.35   68.50
   132   23.83   71.66
   133   24.22   69.80
   134   24.34   74.13
   135   27.13   79.57
   136   27.04   85.73
   137   28.51   85.17
   138   27.78   87.95
   139   25.49   82.57
   140   24.89   75.74
   141   24.79   74.44
   142   24.05   73.54
   143   23.21   69.58
   144   23.46   67.50
   145   25.00   81.72
   146   19.77   61.91
   147   22.07   67.14
   148   23.47   67.85
   149   23.23   75.31
   150   26.80   83.99
   151   26.74   82.16
   152   24.61   80.46
   153   26.93   89.02
   154   26.15   82.40
   155   28.06   89.27
   156   31.72   99.39
   157   31.15   99.74
   158   30.36   94.24
   159   31.09   95.95
   160   31.26  100.60
   161   29.24   89.52
   162   28.65   82.96
   163   26.53   76.19
   164   23.91   73.45
   165   24.11   72.07
   166   25.74   78.37
   167   24.77   77.84
   168   24.12   72.10
   169   24.28   70.09
   170   24.33   73.87
   171   24.58   74.77
   172   21.91   67.48
   173   24.16   82.12
   174   22.35   79.08
   175   22.33   74.06
   176   22.66   77.86
   177   22.88   76.94
   178   23.55   74.19
   179   22.61   66.44
   180   23.29   70.93
   181   23.37   71.00
   182   27.84   79.45
   183   29.24   84.07
   184   28.13   85.05
   185   29.14   93.02
   186   27.30   86.46
   187   24.96   81.13
   188   24.81   75.68
   189   22.66   75.64
   190   24.14   75.24
   191   22.39   76.20
   192   20.88   67.01
   193   20.38   67.57
   194   22.58   75.93
   195   25.38   77.72
   196   23.05   67.12
   197   24.47   72.82
   198   25.16   74.98
   199   24.82   70.59
   200   23.62   71.42
   201   25.32   86.36
   202   22.19   73.98
   203   22.95   69.26
   204   22.59   66.09
   205   23.91   82.12
   206   24.44   79.27
   207   25.98   84.37
   208   24.49   68.93
   209   21.70   64.10
   210   20.06   62.37
   211   18.48   56.74
   212   19.49   56.56
   213   22.52   64.39
   214   19.48   60.50
   215   19.71   58.90
   216   18.75   62.08
   217   17.93   57.77
   218   17.66   61.62
   219   18.96   59.85
   220   18.62   58.50
   221   18.36   61.97
   222   17.63   57.19
   223   19.63   59.97
   224   20.33   66.80
   225   22.61   68.44
   226   20.54   60.60
   227   22.49   77.18
   228   23.16   70.22
   229   24.15   79.61
   230   25.47   80.78
   231   21.13   67.55
   232   20.23   70.17
   233   23.45   70.87
   234   24.05   77.23
   235   27.20   85.84
   236   26.50   80.49
   237   26.81   74.56
   238   25.95   73.64
   239   27.41   82.43
   240   27.83   79.37
   241   25.41   75.59
   242   25.60   76.93
   243   23.86   70.20
   244   26.45   81.51
   245   27.85   87.97
   246   28.42   87.03
   247   27.53   90.51
   248   25.83   77.32
   249   25.16   85.50
   250   22.12   70.51
   251   25.13   77.78
   252   25.36   79.88
   253   26.70   84.33
   254   28.76   92.87
   255   28.02   87.11
   256   25.90   82.99
   257   25.79   77.91
   258   25.33   78.89
   259   24.27   71.83
   260   23.82   76.25
   261   23.94   78.12
   262   23.24   76.19
   263   25.36   81.09
   264   26.06   77.93
   265   23.91   69.76
   266   21.64   67.67
   267   20.76   63.05
   268   20.94   62.52
   269   24.82   79.05
   270   24.12   74.21
   271   23.52   70.22
   272   27.67   88.88
   273   28.04   86.52
   274   28.74   88.11
   275   27.09   85.67
   276   28.19   87.16
   277   31.25  102.70
   278   29.98  103.50
   279   28.57   90.60
   280   29.05   89.36
   281   25.90   82.92
   282   28.96   90.91
   283   25.71   84.13
   284   29.04   87.45
   285   29.12  100.90
   286   27.00   86.82
   287   27.79   87.25
   288   24.58   73.14
   289   26.08   80.26
   290   25.49   76.17
   291   26.01   75.03
   292   27.46   78.24
   293   26.77   79.91
   294   25.81   83.81
   295   23.84   71.31
   296   25.21   85.03
   297   24.21   84.31
   298   23.23   79.39
   299   22.65   77.16
   300   24.32   86.84
   301   25.46   83.26
   302   25.31   81.81
   303   23.29   75.18
   304   23.35   78.54
   305   22.88   73.86
   306   24.07   74.04
   307   24.56   83.22
   308   24.61   74.82
   309   23.97   67.83
   310   23.06   72.33
   311   23.02   78.30
   312   24.06   74.81
   313   22.49   72.73
   314   20.25   61.15
   315   21.88   70.75
   316   23.39   78.23
   317   22.77   74.97
   318   22.64   76.94
   319   23.76   81.54
   320   21.45   74.77
   321   18.63   65.37
   322   20.22   64.37
   323   20.66   71.46
   324   20.40   69.46
   325   21.01   68.57
   326   21.31   68.12
   327   20.22   67.40
   328   22.44   71.04
   329   22.57   80.35
   330   22.32   70.68
   331   23.87   84.62
   332   23.93   75.55
   333   22.82   78.95
   334   24.04   76.84
   335   23.59   74.06
   336   22.79   68.89
   337   20.05   76.03
   338   16.67   51.12
   339   18.86   56.28
   340   17.11   62.03
   341   17.20   58.66
   342   17.02   61.30
   343   17.27   63.03
   344   16.72   56.78
   345   16.59   62.01
   346   16.79   61.86
   347   17.23   64.58
   348   15.95   58.70
   349   16.78   57.48
   350   16.21   51.22
   351   16.41   58.84
   352   16.09   55.34
   353   15.60   57.37
   354   15.04   53.85
   355   14.51   48.03
   356   15.44   52.99
   357   14.49   52.35
   358   15.87   54.08
   359   15.29   52.72
   360   14.45   54.97
   361   14.39   46.27
   362   14.55   53.10
   363   14.62   52.11
   364   14.04   49.49
   365   14.55   45.15
   366   14.49   48.19
   367   14.48   51.81
   368   14.74   61.35
   369   15.23   55.95
   370   15.47   54.62
   371   15.65   59.63
   372   14.95   51.18
   373   14.62   51.80
   374   15.60   57.95
   375   15.44   51.30
   376   15.99   56.32
   377   15.60   56.95
   378   16.50   53.02
   379   16.69   61.75
   380   15.58   56.59
   381   15.11   59.51
   382   15.61   49.66
   383   16.23   48.61
   384   14.88   49.33
   385   14.51   49.89
   386   13.28   46.67
   387   13.44   46.11
   388   13.47   49.62
   389   13.20   49.86
   390   13.09   46.94
   391   13.34   45.31
   392   13.51   50.03
   393   13.38   50.42
   394   13.59   47.05
   395   14.00   50.64
   396   13.80   53.22
   397   13.38   44.61
   398   13.23   55.78
   399   13.57   51.31
   400   13.63   51.47
   401   13.76   50.80
   402   13.91   52.37
   403   13.90   55.10
   404   13.96   51.86
   405   14.10   53.63
   406   13.60   45.15
   407   13.57   53.03
   408   13.42   52.49
   409   13.40   48.70
   410   13.86   56.64
   411   13.48   49.90
   412   13.55   54.89
   413   13.67   55.24
   414   13.42   51.90
   415   13.62   53.94
   416   13.55   52.70
   417   13.27   51.27
   418   13.33   48.66
   419   13.46   48.87
   420   13.39   52.24
   421   13.52   45.94
   422   13.35   43.61
   423   13.59   50.36
   424   13.79   53.16
   425   13.49   46.15
   426   13.89   54.14
   427   13.54   53.35
   428   13.41   50.27
   429   13.30   49.75
   430   13.46   46.23
   431   13.67   47.20
   432   13.95   50.99
   433   13.83   55.59
   434   13.65   45.10
   435   13.53   51.01
   436   13.46   47.01
   437   13.73   54.35
   438   13.48   52.28
   439   13.47   47.21
   440   13.20   50.61
   441   13.40   53.09
   442   13.69   52.60
   443   13.39   53.82
   444   13.59   56.34
   445   13.62   51.90
   446   13.22   49.08
   447   13.27   56.23
   448   13.43   50.70
   449   13.91   53.33
   450   13.66   53.81
   451   13.47   55.07
   452   13.46   55.24
   453   13.37   51.43
   454   13.46   55.08
   455   13.43   49.20
   456   13.44   49.46
   457   13.35   53.19
   458   13.29   48.89
   459   12.94   43.31
   460   13.46   47.28
   461   13.12   48.79
   462   13.31   46.60
   463   13.47   44.53
   464   13.13   42.63
   465   13.22   46.55
   466   13.20   46.98
   467   13.00   48.10
   468   13.52   55.09
   469   13.51   45.01
   470   13.93   53.44
   471   13.38   45.95
   472   13.99   49.56
   473   13.62   47.43
   474   13.55   47.04
   475   14.10   53.14
   476   13.55   44.56
   477   13.49   51.18
   478   13.50   51.97
   479   13.47   47.58
   480   13.63   49.00
   481   13.85   53.68
   482   14.22   52.46
   483   13.68   47.32
   484   13.59   44.37
   485   13.42   43.75
   486   13.18   47.55
   487   13.38   42.68
   488   12.97   47.14
   489   13.48   48.11
   490   13.48   43.93
   491   13.71   48.60
   492   13.71   45.06
   493   13.45   44.07
   494   13.67   48.49
   495   13.93   47.31
   496   14.03   55.53
   497   13.69   47.96
   498   14.13   53.01
   499   14.08   57.43
   500   13.87   52.56
   501   13.92   51.91
   502   14.20   58.35
   503   14.02   48.71
   504   14.37   55.67
   505   13.94   52.78
   506   13.91   52.11
   507   13.68   53.65
   508   13.82   54.99
   509   13.43   47.67
   510   13.49   50.07
   511   14.08   58.66
   512   14.59   51.23
   513   14.62   60.40
   514   14.33   53.86
   515   13.80   53.96
   516   14.01   51.86
   517   13.95   56.46
   518   14.14   48.83
   519   14.05   51.31
   520   14.35   63.44
   521   14.00   51.21
   522   14.28   51.13
   523   13.97   52.65
   524   13.98   54.13
   525   14.28   51.04
   526   14.60   54.59
   527   14.45   53.06
   528   14.74   54.98
   529   14.89   53.74
   530   14.53   49.53
   531   14.26   47.29
   532   14.43   52.73
   533   14.31   51.51
   534   14.27   52.21
   535   14.31   58.33
   536   14.79   52.87
   537   14.74   55.43
   538   14.22   49.58
   539   14.56   51.62
   540   14.28   52.40
   541   14.08   44.05
   542   14.44   50.12
   543   14.50   53.64
   544   14.56   56.80
   545   14.13   55.39
   546   13.86   53.24
   547   13.64   55.01
   548   14.02   54.85
   549   14.25   50.94
   550   13.98   45.94
   551   13.11   43.05
   552   13.07   47.33
   553   12.97   48.18
   554   13.18   50.74
   555   13.07   50.23
   556   12.94   49.90
   557   12.81   44.68
   558   12.91   46.35
   559   12.82   48.94
   560   12.95   45.35
   561   12.77   50.99
   562   12.53   47.21
   563   12.85   49.51
   564   12.85   44.34
   565   13.24   52.46
   566   12.84   41.52
   567   13.04   49.09
   568   13.19   47.03
   569   13.03   51.11
   570   12.93   44.91
   571   12.78   45.11
   572   12.61   41.52
   573   12.65   44.08
   574   12.90   43.69
   575   12.65   40.32
   576   13.26   46.75
   577   13.35   46.80
   578   13.20   45.61
   579   13.31   49.91
   580   13.02   46.69
   581   13.37   51.14
   582   13.03   52.31
   583   14.01   45.41
   584   13.61   48.80
   585   13.46   45.01
   586   14.08   45.54
   587   13.87   47.66
   588   13.43   49.22
   589   13.28   46.85
   590   14.08   51.28
   591   13.25   48.05
   592   13.30   52.01
   593   13.32   53.45
   594   13.02   47.08
   595   13.45   48.75
   596   13.44   49.84
   597   13.97   49.98
   598   13.73   47.99
   599   13.00   45.55
   600   13.86   47.69
   601   14.32   45.11
   602   13.58   46.83
   603   13.83   43.73
   604   13.41   52.02
   605   15.42   50.30
   606   14.03   48.87
   607   14.41   46.65
   608   13.69   50.78
   609   13.73   47.88
   610   13.80   53.96
   611   14.63   52.59
   612   15.89   52.40
   613   14.95   53.98
   614   15.42   49.22
   615   14.91   47.76
   616   14.53   47.07
   617   13.50   51.08
   618   13.89   47.27
   619   13.93   44.75
   620   13.62   58.34
   621   15.00   59.36
   622   14.88   52.98
   623   13.99   50.90
   624   14.06   49.99
   625   14.70   50.34
   626   14.40   55.40
   627   14.61   49.49
   628   15.96   56.65
   629   15.85   49.05
   630   15.78   52.68
   631   15.05   51.87
   632   16.50   61.00
   633   16.03   57.79
   634   17.71   59.00
   635   17.37   59.41
   636   17.03   55.56
   637   17.64   56.32
   638   17.05   55.34
   639   16.21   54.99
   640   16.73   56.39
   641   17.10   56.46
   642   17.34   69.55
   643   16.76   60.77
   644   17.02   58.22
   645   18.75   59.56
   646   19.37   62.86
   647   17.70   61.79
   648   18.56   64.85
   649   18.64   61.42
   650   17.87   60.30
   651   18.29   60.58
   652   17.05   51.62
   653   16.73   51.45
   654   17.34   54.12
   655   16.86   61.02
   656   18.09   55.92
   657   17.13   55.15
   658   17.19   62.65
   659   15.24   56.46
   660   16.90   55.39
   661   16.12   51.35
   662   15.54   54.49
   663   16.51   52.29
   664   16.72   52.88
   665   15.76   50.36
   666   16.17   53.58
   667   16.42   53.29
   668   18.13   59.70
   669   16.64   55.69
   670   16.02   53.27
   671   16.18   51.06
   672   16.38   58.59
   673   16.73   52.70
   674   16.46   57.15
   675   15.65   53.77
   676   15.94   57.08
   677   16.66   56.32
   678   18.83   63.51
   679   19.72   64.99
   680   20.42   68.34
   681   20.51   68.78
   682   21.58   68.80
   683   20.43   69.47
   684   20.53   67.87
   685   20.02   71.91
   686   20.29   66.03
   687   19.83   63.08
   688   17.51   60.92
   689   16.65   54.24
   690   16.04   54.89
   691   16.28   47.85
   692   18.83   58.03
   693   18.24   56.46
   694   22.42   68.96
   695   22.68   63.99
   696   24.33   72.45
   697   24.76   74.94
   698   23.92   76.00
   699   24.55   73.81
   700   22.37   69.62
   701   23.23   74.79
   702   23.44   68.03
   703   26.38   87.38
   704   27.96   77.57
   705   28.96   81.61
   706   26.98   77.13
   707   28.01   80.27
   708   27.25   85.62
   709   26.80   82.43
   710   30.34   88.88
   711   29.39   86.82
   712   28.58   85.40
   713   26.63   82.92
   714   24.95   77.32
   715   24.66   75.41
   716   23.80   79.41
   717   23.36   77.34
   718   25.33   78.84
   719   25.24   89.25
   720   27.07   82.94
   721   25.15   82.65
   722   26.22   83.38
   723   23.93   79.13
   724   26.44   87.58
   725   26.76   79.42
   726   30.04   91.47
   727   30.43   94.26
   728   28.50   90.41
   729   29.32   89.22
   730   27.42   84.72
   731   26.50   86.53
   732   24.43   77.07
   733   25.24   85.44
   734   27.83   93.42
   735   26.17   83.97
   736   23.98   80.56
   737   25.23   78.62
   738   26.56   79.81
   739   26.70   75.85
   740   24.10   71.78
   741   22.86   73.19
   742   23.08   69.36
   743   25.20   73.47
   744   25.66   70.77
   745   24.75   69.18
   746   26.76   75.98
   747   24.41   66.14
   748   19.62   57.94
   749   18.60   55.32
   750   18.25   56.90
   751   19.99   59.17
   752   22.22   67.71
   753   22.62   70.38
   754   23.78   78.75
   755   28.05   84.90
   756   28.47   89.47
   757   27.18   85.10
   758   27.18   79.37
   759   27.54   83.07
   760   24.61   84.17
   761   24.72   81.30
   762   24.20   80.18
   763   22.59   69.84
   764   21.97   75.69
   765   22.08   82.16
   766   20.53   67.17
   767   20.38   72.91
   768   20.98   69.97
   769   22.20   73.43
   770   21.29   71.84
   771   21.99   73.23
   772   22.57   73.87
   773   23.58   75.81
   774   21.96   63.00
   775   20.62   61.09
   776   17.34   52.41
   777   17.91   62.19
   778   20.43   61.77
   779   21.86   72.39
   780   22.13   72.77
   781   23.96   70.98
   782   22.29   74.56
   783   25.45   82.63
   784   25.14   84.14
   785   24.55   74.96
   786   21.97   68.46
   787   24.69   78.84
   788   24.21   75.22
   789   24.64   74.59
   790   21.94   61.45
   791   21.85   71.53
   792   19.89   68.64
   793   22.53   72.62
   794   21.58   69.25
   795   23.52   76.52
   796   22.66   70.26
   797   22.85   71.88
   798   19.58   67.35
   799   20.41   64.91
   800   21.86   68.11
   801   21.01   68.14
   802   22.68   69.64
   803   22.07   64.85
   804   19.41   61.96
   805   19.20   65.91
   806   17.91   60.09
   807   17.90   59.81
   808   17.24   56.27
   809   18.10   56.20
   810   17.41   56.04
   811   18.60   56.77
   812   18.55   57.44
   813   20.91   67.06
   814   22.05   70.14
   815   20.50   64.18
   816   23.38   72.11
   817   26.02   81.11
   818   27.57   81.27
   819   30.19   93.77
   820   27.93   87.04
   821   28.46   93.32
   822   25.62   82.71
   823   23.69   80.10
   824   27.32   72.00
   825   26.70   78.09
   826   27.09   71.42
   827   25.43   74.47
   828   25.59   77.17
   829   24.66   76.84
   830   22.66   67.85
   831   20.66   62.72
   832   20.19   67.85
   833   20.65   66.25
   834   21.25   65.94
   835   21.04   59.34
   836   21.49   66.37
   837   20.21   64.51
   838   22.31   59.84
   839   23.20   68.99
   840   22.24   63.84
   841   21.94   68.55
   842   19.95   68.05
   843   21.28   68.29
   844   20.25   65.26
   845   18.60   60.97
   846   18.61   59.59
   847   18.56   54.20
   848   20.47   60.85
   849   20.25   68.61
   850   20.64   70.67
   851   21.71   70.66
   852   22.01   71.05
   853   23.06   76.65
   854   23.50   79.69
   855   23.46   77.98
   856   22.98   76.33
   857   23.90   73.82
   858   23.69   75.63
   859   22.94   71.80
   860   25.20   75.38
   861   22.54   79.21
   862   23.63   72.53
   863   23.54   66.07
   864   20.72   61.93
   865   20.49   58.39
   866   20.93   67.90
   867   22.56   63.25
   868   21.14   67.54
   869   23.51   68.60
   870   22.22   65.76
   871   23.09   75.28
   872   24.14   71.00
   873   22.88   69.44
   874   20.63   68.37
   875   19.58   60.41
   876   19.70   64.60
   877   18.79   58.63
   878   20.85   66.23
   879   20.24   68.86
   880   18.79   59.17
   881   18.77   55.26
   882   19.15   60.57
   883   19.75   61.40
   884   21.32   69.36
   885   19.89   63.64
   886   20.13   60.81
   887   19.67   65.92
   888   21.81   65.75
   889   21.96   67.84
   890   23.46   72.08
   891   24.59   81.47
   892   23.87   67.34
   893   23.01   65.40
   894   22.25   67.31
   895   20.82   73.58
   896   19.59   58.81
   897   19.44   62.99
   898   21.21   69.83
   899   18.50   62.10
   900   18.16   60.62
   901   18.09   58.85
   902   17.76   64.95
   903   17.79   54.73
   904   21.72   65.86
   905   20.79   65.40
   906   19.10   54.80
   907   18.46   54.80
   908   19.94   65.82
   909   20.75   66.90
   910   21.38   71.82
   911   22.36   71.35
   912   23.48   70.89
   913   24.53   86.58
   914   24.31   83.57
   915   23.87   78.02
   916   24.68   76.67
   917   23.72   75.58
   918   24.22   72.15
   919   24.23   67.70
   920   25.68   80.01
   921   24.24   77.82
   922   23.75   75.81
   923   21.16   76.82
   924   20.99   73.33
   925   21.00   72.04
   926   19.94   68.02
   927   25.03   74.27
   928   25.15   76.72
   929   24.74   74.33
   930   23.68   73.36
   931   22.92   66.39
   932   20.96   68.65
   933   22.94   68.65
   934   22.45   64.82
   935   21.07   64.82
   936   21.50   66.40
   937   21.06   69.27
   938   19.00   57.13
   939   18.57   59.99
   940   17.38   54.40
   941   17.93   53.45
   942   19.16   64.83
   943   19.15   63.11
   944   19.38   60.96
   945   20.71   61.25
   946   20.10   62.93
   947   19.84   57.55
   948   19.42   57.22
   949   22.33   69.06
   950   20.94   60.08
   951   22.15   63.14
   952   22.31   69.87
   953   22.22   73.42
   954   23.09   66.86
   955   22.39   68.23
   956   22.91   68.23
   957   24.71   76.17
   958   25.60   88.04
   959   25.67   88.00
   960   27.01   83.68
   961   27.25   76.88
   962   28.48   81.13
   963   26.74   73.95
   964   27.82   86.53
   965   28.93   89.72
   966   28.72   91.07
   967   28.77   91.72
   968   30.72   92.62
   969   29.88   87.97
   970   30.33   86.34
   971   30.65   83.44
   972   31.96   93.04
   973   30.57   90.85
   974   29.15   84.54
   975   28.89   79.54
   976   30.77   87.80
   977   29.58   85.48
   978   32.51   93.99
   979   33.25  101.50
   980   33.63  100.60
   981   31.55  104.40
   982   32.71  102.30
   983   35.54  117.80
   984   35.35  113.00
   985   33.76  110.60
   986   35.69  113.00
   987   41.08  131.10
   988   43.68  139.40
   989   44.71  139.80
   990   44.70  137.80
   991   44.20  146.40
   992   42.73  131.30
   993   39.71  124.00
   994   38.98  126.60
   995   39.32  121.90
   996   36.81  116.10
   997   35.79  112.80
   998   32.52  104.00
   999   34.22  108.80
  1000   32.48  106.00
  1001   32.85  100.80
  1002   34.88  101.90
  1003   35.69  105.20
  1004   36.06  114.90
  1005   37.73  120.40
  1006   39.73  118.60
  1007   36.97  121.30
  1008   35.70  115.60
  1009   36.61  114.00
  1010   36.50  114.40
  1011   35.46  103.10
  1012   35.74  108.10
  1013   34.28  106.10
  1014   34.27  105.90
  1015   33.34  101.90
  1016   34.94  106.20
  1017   33.68  107.00
  1018   32.58   99.39
  1019   30.13  100.40
  1020   26.47   81.95
  1021   27.57   87.82
  1022   25.17   77.42
  1023   26.91   87.84
  1024   27.00   92.95
  1025   25.75   80.88
  1026   25.28   83.26
  1027   27.44   94.40
  1028   29.52   99.64
  1029   28.46   90.13
  1030   28.17   87.66
  1031   28.33   86.21
  1032   29.78   88.95
  1033   27.22   85.97
  1034   27.16   89.03
  1035   28.13   90.91
  1036   31.61   93.06
  1037   31.86   97.17
  1038   27.05   83.59
  1039   26.53   77.84
  1040   24.54   70.50
  1041   24.89   76.78
  1042   26.61   82.78
  1043   27.57   80.91
  1044   29.49   85.47
  1045   28.29   83.00
  1046   28.98   86.57
  1047   27.49   82.72
  1048   27.02   76.03
  1049   24.99   75.95
  1050   23.88   78.28
  1051   25.23   77.63
  1052   28.23   83.90
  1053   28.56   79.20
  1054   28.45   80.36
  1055   28.46   79.43
  1056   28.46   73.57
  1057   25.76   70.88
  1058   26.50   73.18
  1059   26.59   82.34
  1060   27.52   80.17
  1061   27.71   80.75
  1062   27.96   79.03
  1063   31.16   89.36
  1064   30.06   87.04
  1065   27.65   82.50
  1066   28.85   85.64
  1067   28.96   90.47
  1068   30.32  105.60
  1069   27.83   85.00
  1070   29.17   93.68
  1071   28.43   87.12
  1072   26.44   82.63
  1073   26.80   75.69
  1074   26.30   78.44
  1075   26.39   80.98
  1076   27.64   79.87
  1077   31.10   90.41
  1078   29.95   88.49
  1079   31.12   96.69
  1080   31.40   96.11
  1081   29.69   83.50
  1082   29.14   89.06
  1083   30.22   92.09
  1084   30.26   86.37
  1085   30.80   95.76
  1086   31.19  103.40
  1087   35.20  116.20
  1088   33.44  114.40
  1089   34.36  113.90
  1090   34.60  116.00
  1091   36.11  127.90
  1092   31.47  107.10
  1093   37.25  134.30
  1094   35.48  120.20
  1095   34.45  120.90
  1096   35.74  127.10
  1097   35.22  120.20
  1098   35.00  117.20
  1099   35.39  109.10
  1100   35.64  109.90
  1101   35.59  113.20
  1102   35.05  118.90
  1103   32.12  106.00
  1104   32.69  100.90
  1105   31.95   95.39
  1106   31.82  100.10
  1107   28.77   88.08
  1108   30.15   96.85
  1109   30.01   91.76
  1110   32.21  102.00
  1111   33.97   98.71
  1112   31.55   99.04
  1113   30.82  106.30
  1114   31.13  113.40
  1115   31.34  111.80
  1116   30.64  112.50
  1117   34.23  110.10
  1118   30.29  101.30
  1119   28.51   90.01
  1120   27.74   92.58
  1121   27.93   97.86
  1122   30.52  102.50
  1123   31.23  111.20
  1124   36.24  108.30
  1125   34.07  108.50
  1126   30.57   90.36
  1127   29.94   90.02
  1128   27.05   85.93
  1129   29.33  106.80
  1130   29.34   94.90
  1131   28.90  101.10
  1132   27.40   92.28
  1133   27.31   95.22
  1134   26.52   94.89
  1135   27.40   93.89
  1136   29.27   93.31
  1137   29.35   97.29
  1138   28.87   97.68
  1139   32.50   97.16
  1140   34.35  108.00
  1141   33.34   98.66
  1142   30.87  103.90
  1143   31.95   95.93
  1144   35.30  102.20
  1145   32.27   95.99
  1146   33.21  104.60
  1147   34.95  103.40
  1148   33.04   99.38
  1149   29.85   98.72
  1150   30.99  103.00
  1151   30.35  102.80
  1152   32.22   97.40
  1153   30.08   97.03
  1154   32.52  106.30
  1155   29.15   91.19
  1156   30.81   91.39
  1157   37.79  107.60
  1158   38.57  114.60
  1159   37.24  116.60
  1160   35.83  115.20
  1161   32.51  100.80
  1162   34.09  104.00
  1163   33.50   95.37
  1164   32.64   98.47
  1165   33.53  102.30
  1166   28.75   88.59
  1167   28.50   87.77
  1168   25.36   79.07
  1169   23.49   75.97
  1170   23.75   68.19
  1171   24.77   76.31
  1172   26.83   83.24
  1173   24.42   80.73
  1174   23.64   74.75
  1175   23.90   77.33
  1176   25.94   92.97
  1177   26.23   85.83
  1178   25.89   84.55
  1179   24.08   78.72
  1180   20.92   68.22
  1181   22.69   79.03
  1182   22.88   80.69
  1183   23.84   85.83
  1184   25.09   77.12
  1185   24.11   77.19
  1186   24.53   80.48
  1187   22.50   75.11
  1188   22.47   69.56
  1189   22.81   70.85
  1190   24.92   78.34
  1191   27.54   88.23
  1192   32.01   94.14
  1193   32.93  106.80
  1194   30.53   98.14
  1195   31.95  111.40
  1196   33.22  115.80
  1197   30.06  102.90
  1198   32.84  109.60
  1199   28.31   94.93
  1200   30.62  100.70
  1201   28.29   86.74
  1202   28.01   84.75
  1203   30.48   92.34
  1204   26.65   75.20
  1205   28.48   88.39
  1206   25.12   71.81
  1207   24.63   73.77
  1208   25.23   72.50
  1209   22.78   72.52
  1210   23.22   67.19
  1211   23.27   83.76
  1212   23.31   73.08
  1213   23.82   78.52
  1214   25.91   83.98
  1215   25.21   88.69
  1216   24.78   89.40
  1217   24.34   87.33
  1218   24.85   86.22
  1219   25.30   92.59
  1220   24.65   89.41
  1221   26.67   99.12
  1222   24.24   84.95
  1223   26.84   88.11
  1224   24.08   81.39
  1225   25.02   75.40
  1226   25.78   80.86
  1227   25.74   76.63
  1228   25.18   76.15
  1229   23.29   71.28
  1230   23.25   74.66
  1231   23.71   72.42
  1232   23.73   70.23
  1233   23.80   77.48
  1234   26.23   80.62
  1235   27.02   69.72
  1236   26.56   79.03
  1237   25.60   76.43
  1238   24.70   74.84
  1239   25.99   80.89
  1240   23.26   75.67
  1241   22.01   78.25
  1242   22.50   78.06
  1243   21.24   71.28
  1244   22.12   86.63
  1245   23.99   84.61
  1246   23.92   97.07
  1247   22.62   85.39
  1248   22.92   83.28
  1249   22.49   86.97
  1250   21.94   74.73
  1251   22.42   78.95
  1252   21.34   79.30
  1253   22.04   74.91
  1254   20.65   72.38
  1255   18.71   63.69
  1256   18.98   62.74
  1257   20.52   80.40
  1258   19.85   74.94
  1259   20.52   74.91
  1260   20.17   74.37
  1261   18.75   60.56
  1262   19.43   65.47
  1263   18.84   61.51
  1264   20.25   63.96
  1265   21.75   71.54
  1266   20.55   68.54
  1267   21.60   72.56
  1268   21.37   83.28
  1269   19.98   77.04
  1270   20.37   76.55
  1271   20.49   69.91
  1272   22.66   74.33
  1273   20.17   69.89
  1274   21.54   73.49
  1275   21.12   78.93
  1276   22.02   76.89
  1277   26.27   90.04
  1278   26.16   95.66
  1279   26.92   93.66
  1280   23.42   79.53
  1281   26.10   91.94
  1282   25.39   87.62
  1283   23.93   78.98
  1284   22.77   62.81
  1285   23.42   68.00
  1286   23.04   64.88
  1287   22.50   64.57
  1288   25.16   82.30
  1289   22.49   73.38
  1290   24.99   80.12
  1291   23.00   78.74
  1292   23.73   72.65
  1293   23.63   68.23
  1294   23.01   70.75
  1295   22.34   62.80
  1296   21.39   71.92
  1297   26.19   76.30
  1298   27.69   85.03
  1299   29.06   87.58
  1300   28.61   92.73
  1301   28.04   90.68
  1302   27.10   89.71
  1303   25.16   71.60
  1304   22.11   68.99
  1305   23.26   60.03
  1306   25.64   77.25
  1307   26.81   72.44
  1308   27.74   77.52
  1309   25.62   63.22
  1310   27.28   71.52
  1311   27.45   73.89
  1312   25.27   71.40
  1313   26.82   72.04
  1314   28.48   75.10
  1315   28.00   76.92
  1316   28.38   82.05
  1317   28.87   80.00
  1318   31.29   92.00
  1319   27.94   80.71
  1320   26.47   69.78
  1321   25.48   70.59
  1322   25.52   76.90
  1323   22.66   67.91
  1324   25.24   81.84
  1325   27.26   86.29
  1326   27.72   85.46
  1327   29.56   93.58
  1328   29.92   95.54
  1329   28.52   87.39
  1330   28.30   95.00
  1331   29.22   92.72
  1332   28.08   92.03
  1333   34.26  107.60
  1334   31.46   96.36
  1335   30.61   93.70
  1336   27.54   77.89
  1337   26.22   77.44
  1338   26.83   92.54
  1339   27.60   85.09
  1340   30.53   95.09
  1341   30.98   93.60
  1342   27.08   86.30
  1343   26.09   81.51
  1344   28.16   84.89
  1345   29.48   92.59
  1346   29.38   94.77
  1347   30.34   90.08
  1348   30.21   90.00
  1349   30.69  102.10
  1350   30.45   89.57
  1351   28.87   85.60
  1352   30.73   93.78
  1353   29.49   96.94
  1354   27.70   85.34
  1355   27.62   83.07
  1356   26.71   83.55
  1357   26.24   94.41
  1358   25.33   90.35
  1359   24.64   76.51
  1360   24.02   75.98
  1361   23.40   77.07
  1362   25.53   88.79
  1363   28.27   93.95
  1364   24.62   80.76
  1365   24.96   80.64
  1366   26.91   88.23
  1367   26.98   81.08
  1368   26.75   83.45
  1369   27.02   79.80
  1370   27.09   85.39
  1371   26.10   77.60
  1372   27.40   91.53
  1373   23.41   68.01
  1374   26.40   74.47
  1375   27.46   86.86
  1376   29.58   92.58
  1377   30.92  100.20
  1378   31.68   94.65
  1379   32.34   92.17
  1380   29.87   91.13
  1381   30.72   93.62
  1382   30.98   91.88
  1383   31.04   90.03
  1384   28.51   91.16
  1385   28.75   93.94
  1386   28.33   93.02
  1387   27.32   82.07
  1388   27.64   90.72
  1389   29.72   90.85
  1390   31.16  104.30
  1391   30.89   97.57
  1392   32.39   99.88
  1393   30.36   95.50
  1394   32.05  104.80
  1395   32.01  104.20
  1396   33.28  101.30
  1397   35.32  109.30
  1398   31.35  101.90
  1399   32.02   98.88
  1400   36.37  110.60
  1401   38.68  116.50
  1402   36.52  111.30
  1403   36.56  112.10
  1404   33.86  104.20
  1405   33.51  109.00
  1406   32.44  103.50
  1407   30.55   94.05
  1408   32.31  102.10
  1409   31.99  103.70
  1410   32.50  109.00
  1411   32.60   99.56
  1412   33.05   92.70
  1413   30.49   91.03
  1414   33.78  105.10
  1415   33.59   99.10
  1416   35.62  103.90
  1417   36.43  111.80
  1418   35.95  112.90
  1419   38.17  118.70
  1420   38.71  116.20
  1421   38.87  113.80
  1422   36.70  112.10
  1423   33.94  110.00
  1424   35.35  111.00
  1425   33.16  102.80
  1426   36.20  109.50
  1427   35.62  109.20
  1428   35.40  113.10
  1429   34.30  112.00
  1430   32.63  106.20
  1431   33.44  101.30
  1432   36.16  109.70
  1433   35.59  112.50
  1434   36.90  113.30
  1435   36.41  116.00
  1436   37.58  124.70
  1437   35.48  117.30
  1438   34.59  113.70
  1439   31.19  100.10
  1440   28.91   92.48
  1441   24.88   85.46
  1442   27.71   88.65
  1443   26.62   84.48
  1444   26.98   83.61
  1445   25.80   87.55
  1446   24.19   73.85
  1447   25.86   77.80
  1448   23.96   77.02
  1449   21.79   68.89
  1450   22.70   66.73
  1451   26.21   79.61
  1452   26.17   78.20
  1453   25.31   79.08
  1454   26.34   91.28
  1455   26.77   82.96
  1456   26.43   82.29
  1457   23.57   73.44
  1458   20.49   61.66
  1459   20.83   65.19
  1460   22.79   68.07
  1461   21.33   62.08
  1462   24.19   70.25
  1463   26.97   82.20
  1464   25.82   73.79
  1465   25.94   79.61
  1466   26.94   79.90
  1467   24.03   73.21
  1468   23.01   76.56
  1469   21.45   71.19
  1470   20.94   62.44
  1471   18.74   60.25
  1472   18.50   60.77
  1473   17.66   59.31
  1474   17.17   52.34
  1475   21.52   63.15
  1476   24.38   70.63
  1477   24.34   69.29
  1478   27.99   85.31
  1479   26.50   82.60
  1480   24.53   77.23
  1481   21.01   65.38
  1482   22.19   70.15
  1483   21.14   66.38
  1484   22.43   68.84
  1485   24.25   73.00
  1486   22.12   66.60
  1487   22.31   68.74
  1488   22.86   69.71
  1489   24.53   74.76
  1490   24.64   71.59
  1491   21.88   71.03
  1492   20.40   57.94
  1493   17.64   55.25
  1494   19.02   61.44
  1495   19.35   66.59
  1496   20.02   64.07
  1497   18.45   62.48
  1498   19.46   68.72
  1499   20.70   71.91
  1500   19.90   67.06
  1501   21.17   75.63
  1502   19.84   60.67
  1503   18.81   58.94
  1504   20.73   62.97
  1505   20.53   64.30
  1506   19.40   72.39
  1507   20.18   67.20
  1508   16.95   55.30
  1509   16.15   48.90
  1510   18.05   54.75
  1511   19.72   70.55
  1512   22.17   66.87
  1513   22.83   65.07
  1514   21.00   65.56
  1515   19.79   64.88
  1516   19.78   64.98
  1517   21.53   65.59
  1518   21.67   67.90
  1519   20.47   62.32
  1520   23.16   72.74
  1521   25.90   82.49
  1522   25.23   78.00
  1523   27.36   80.15
  1524   27.07   80.56
  1525   25.48   75.93
  1526   24.86   78.22
  1527   24.85   80.13
  1528   28.23   78.92
  1529   28.86   84.97
  1530   29.01   83.59
  1531   29.76   86.88
  1532   30.49   90.87
  1533   25.96   76.07
  1534   25.56   81.31
  1535   25.52   70.65
  1536   23.86   67.82
  1537   24.84   75.48
  1538   23.07   78.10
  1539   23.02   68.79
  1540   24.11   72.22
  1541   25.51   76.77
  1542   27.19   77.64
  1543   24.19   71.89
  1544   24.50   66.68
  1545   25.49   77.11
  1546   22.52   66.91
  1547   22.30   71.01
  1548   19.92   57.19
  1549   18.48   63.31
  1550   20.19   63.65
  1551   20.39   67.32
  1552   19.70   66.20
  1553   22.74   76.81
  1554   20.68   65.90
  1555   20.10   65.37
  1556   20.64   68.45
  1557   20.88   66.84
  1558   20.86   62.28
  1559   19.65   67.66
  1560   18.35   56.05
  1561   16.68   56.41
  1562   16.46   56.58
  1563   16.51   59.34
  1564   18.91   70.55
  1565   19.85   80.38
  1566   21.50   71.92
  1567   23.18   72.23
  1568   24.41   80.88
  1569   22.88   79.32
  1570   23.75   86.57
  1571   25.32   86.05
  1572   25.43   87.12
  1573   24.65   74.08
  1574   26.87   76.62
  1575   24.87   76.95
  1576   24.48   76.07
  1577   26.30   80.79
  1578   25.71   81.28
  1579   26.15   77.24
  1580   24.60   76.57
  1581   27.19   75.62
  1582   27.21   75.67
  1583   26.69   78.63
  1584   26.53   79.34
  1585   26.36   77.50
  1586   27.90   85.38
  1587   29.47   92.27
  1588   28.14   99.75
  1589   26.90   83.28
  1590   25.09   84.22
  1591   24.60   79.00
  1592   25.09   80.95
  1593   24.37   81.92
  1594   23.90   79.91
  1595   24.26   82.60
  1596   23.25   76.97
  1597   21.48   75.21
  1598   20.31   57.99
  1599   22.98   70.11
  1600   22.49   73.86
  1601   22.04   74.89
  1602   20.16   70.04
  1603   20.73   65.25
  1604   22.68   67.99
  1605   21.11   58.96
  1606   22.76   66.70
  1607   26.14   76.65
  1608   25.12   75.96
  1609   23.55   74.56
  1610   26.43   87.59
  1611   23.11   76.14
  1612   27.30   93.90
  1613   28.24   96.47
  1614   28.76   92.23
  1615   27.91   90.55
  1616   26.80   87.46
  1617   23.80   76.96
  1618   23.53   76.31
  1619   23.85   80.98
  1620   28.58   84.47
  1621   29.43   89.34
  1622   28.90   98.15
  1623   29.74   93.51
  1624   30.23   88.62
  1625   32.32   88.75
  1626   29.01   89.76
  1627   30.86   98.40
  1628   28.33   95.92
  1629   30.61  100.40
  1630   29.44   93.50
  1631   36.01  114.10
  1632   38.16  120.20
  1633   37.13  119.40
  1634   35.68  103.70
  1635   32.72  107.90
  1636   34.01  105.90
  1637   35.57  106.50
  1638   34.47  113.20
  1639   32.68   94.77
  1640   32.88  102.50
  1641   31.25   97.85
  1642   27.65   83.88
  1643   25.62   81.61
  1644   29.16   88.67
  1645   28.10   88.43
  1646   30.54   87.51
  1647   29.80   89.62
  1648   32.50   93.56
  1649   32.41   97.70
  1650   30.35   95.65
  1651   34.71  108.00
  1652   32.49   98.80
  1653   29.79   91.94
  1654   28.55   94.65
  1655   28.87   89.30
  1656   28.38   99.97
  1657   28.80   95.68
  1658   30.55  104.10
  1659   27.22   92.82
  1660   25.22   80.61
  1661   27.89   97.10
  1662   27.23   83.89
  1663   25.70   83.68
  1664   25.43   84.20
  1665   28.18   86.19
  1666   27.52   85.71
  1667   29.44   97.30
  1668   31.86   92.48
  1669   31.56   90.60
  1670   28.04   82.45
  1671   27.43   79.85
  1672   28.45   90.14
  1673   28.87   99.02
  1674   29.98   98.36
  1675   26.96   89.28
  1676   23.26   76.34
  1677   23.59   74.02
  1678   22.24   74.21
  1679   19.71   67.04
  1680   20.97   75.22
  1681   25.21   85.29
  1682   26.48   91.33
  1683   29.21   98.25
  1684   29.52   91.95
  1685   25.62   75.81
  1686   23.20   73.01
  1687   25.83   82.33
  1688   26.66   85.30
  1689   27.06   85.34
  1690   26.09   83.41
  1691   27.24   85.47
  1692   26.16   84.92
  1693   25.49   89.12
  1694   25.23   81.68
  1695   25.59   86.01
  1696   28.05   93.41
  1697   25.53   83.49
  1698   25.83   88.50
  1699   26.71   84.59
  1700   26.72   83.35
  1701   27.90   91.81
  1702   28.74   96.91
  1703   24.06   87.87
  1704   26.34   96.65
  1705   26.76  101.50
  1706   24.78   88.33
  1707   22.36   74.96
  1708   23.54   91.61
  1709   24.89   90.41
  1710   25.94   91.64
  1711   25.59   96.53
  1712   23.41   87.59
  1713   23.49   82.08
  1714   24.89   88.52
  1715   23.73   74.97
  1716   25.02   82.46
  1717   24.02   74.57
  1718   22.50   71.75
  1719   23.46   79.37
  1720   25.06   74.66
  1721   24.55   81.30
  1722   24.19   76.37
  1723   24.49   81.82
  1724   24.70   76.32
  1725   23.43   80.34
  1726   23.67   80.30
  1727   27.18   87.24
  1728   24.62   78.54
  1729   23.66   84.71
  1730   24.67   91.02
  1731   27.85   92.24
  1732   28.78  102.50
  1733   27.35   93.10
  1734   27.47   94.95
  1735   25.32   77.96
  1736   26.11   81.05
  1737   26.84   81.30
  1738   26.93   77.71
  1739   27.69   86.14
  1740   25.27   79.31
  1741   24.56   76.97
  1742   23.35   66.71
  1743   24.34   69.52
  1744   25.41   76.32
  1745   24.45   74.08
  1746   26.53   76.97
  1747   27.86   94.59
  1748   25.89   82.08
  1749   26.35   87.24
  1750   28.78   88.84
  1751   28.20   97.32
  1752   30.45   93.24
  1753   29.41   93.97
  1754   30.83   96.11
  1755   28.51   84.41
  1756   30.58   97.82
  1757   28.99   85.47
  1758   26.95   93.80
  1759   29.93   95.19
  1760   28.58   91.40
  1761   28.99   92.55
  1762   27.60   83.20
  1763   29.41   80.74
  1764   29.71   86.80
  1765   30.62   91.02
  1766   27.48   95.85
  1767   27.42   87.11
  1768   28.20   99.44
  1769   32.43  100.20
  1770   32.00   94.75
  1771   28.54   78.69
  1772   27.44   84.05
  1773   27.42   74.98
  1774   26.86   78.15
  1775   25.48   71.89
  1776   25.15   69.93
  1777   25.49   72.87
  1778   26.19   85.86
  1779   25.23   80.14
  1780   29.15   82.46
  1781   28.28   86.19
  1782   29.97   91.26
  1783   28.82   86.60
  1784   27.01   79.13
  1785   26.08   77.05
  1786   28.17   90.66
  1787   27.96   91.93
  1788   27.38   86.56
  1789   26.56   89.51
  1790   25.80   88.54
  1791   26.33   88.03
  1792   25.70   89.31
  1793   26.59   81.18
  1794   27.23   84.42
  1795   28.89   93.46
  1796   28.37   95.39
  1797   27.08   89.14
  1798   24.68   81.11
  1799   28.00   82.70
  1800   30.47   89.83
  1801   30.49   93.04
  1802   30.32   93.64
  1803   30.27   96.67
  1804   31.69   97.66
  1805   31.86   92.94
  1806   31.60   97.81
  1807   30.36   88.82
  1808   35.28  111.00
  1809   35.22  104.50
  1810   29.64   90.93
  1811   28.92   84.85
  1812   29.09   93.35
  1813   31.52  101.20
  1814   31.14   98.43
  1815   26.78   89.80
  1816   27.97   82.19
  1817   27.10   79.28
  1818   24.48   71.50
  1819   23.66   73.82
  1820   20.72   56.04
  1821   20.51   58.20
  1822   21.36   57.93
  1823   24.80   73.32
  1824   27.22   83.73
  1825   27.96   89.46
  1826   27.19   85.02
  1827   27.16   79.17
  1828   26.62   83.56
  1829   26.56   75.82
  1830   26.05   78.15
  1831   23.53   73.38
  1832   23.15   70.90
  1833   21.59   68.54
  1834   24.32   75.23
  1835   25.83   76.07
  1836   21.90   71.64
  1837   25.31   77.77
  1838   27.24   82.40
  1839   24.64   81.56
  1840   25.12   79.97
  1841   24.76   79.07
  1842   27.69   86.35
  1843   28.22   84.04
  1844   26.28   75.88
  1845   24.89   75.35
  1846   24.06   69.92
  1847   22.25   69.91
  1848   25.35   76.85
  1849   24.76   80.38
  1850   26.76   82.39
  1851   26.34   83.49
  1852   21.34   74.27
  1853   19.67   70.36
  1854   19.55   66.43
  1855   18.16   60.82
  1856   19.63   63.08
  1857   20.58   78.10
  1858   20.99   78.84
  1859   20.60   70.28
  1860   21.60   70.47
  1861   18.96   64.44
  1862   19.68   69.57
  1863   20.06   69.03
  1864   20.59   74.06
  1865   20.32   86.17
  1866   19.43   69.80
  1867   19.54   61.38
  1868   19.56   69.21
  1869   18.82   58.67
  1870   17.85   67.57
  1871   18.86   61.06
  1872   18.98   63.12
  1873   19.71   70.07
  1874   19.97   61.30
  1875   20.18   66.06
  1876   20.31   63.97
  1877   19.45   60.64
  1878   19.86   71.36
  1879   18.83   66.87
  1880   17.33   59.34
  1881   18.42   60.52
  1882   18.23   68.25
  1883   19.84   68.89
  1884   17.41   58.67
  1885   17.67   58.89
  1886   18.66   62.75
  1887   17.29   66.31
  1888   16.68   69.71
  1889   18.06   69.66
  1890   19.20   73.12
  1891   17.79   75.36
  1892   17.47   71.10
  1893   17.78   60.54
  1894   18.11   66.20
  1895   18.37   69.87
  1896   17.08   67.93
  1897   16.52   65.60
  1898   17.79   64.33
  1899   18.98   65.55
  1900   23.49   82.62
  1901   21.27   75.22
  1902   19.87   68.36
  1903   20.83   69.26
  1904   20.91   64.42
  1905   22.59   72.11
  1906   25.63   86.50
  1907   25.10   84.47
  1908   23.28   83.58
  1909   22.87   75.88
  1910   21.96   75.59
  1911   24.57   80.59
  1912   25.10   74.60
  1913   23.02   71.58
  1914   26.33   83.17
  1915   27.84   84.00
  1916   31.98  102.40
  1917   31.04  104.20
  1918   29.00   97.69
  1919   27.66   89.11
  1920   24.45   81.91
  1921   24.79   80.37
  1922   24.54   78.81
  1923   26.32   78.00
  1924   25.17   80.62
  1925   25.04   69.00
  1926   22.59   69.41
  1927   22.71   66.85
  1928   26.24   79.16
  1929   25.81   73.68
  1930   27.41   81.08
  1931   27.69   86.33
  1932   29.41   93.20
  1933   29.34   86.91
  1934   29.74   83.20
  1935   26.73   77.40
  1936   29.53   86.82
  1937   29.92   96.46
  1938   31.97   94.88
  1939   34.55  111.30
  1940   36.10  108.80
  1941   35.33  105.50
  1942   37.14  108.30
  1943   32.92  101.60
  1944   31.13   93.26
  1945   28.13   86.04
  1946   28.12   81.13
  1947   30.47   88.06
  1948   30.95   94.21
  1949   30.17   97.39
  1950   30.25   90.38
  1951   31.26   96.60
  1952   28.80   86.69
  1953   26.49   88.31
  1954   27.44   87.10
  1955   31.05   91.75
  1956   33.87   92.42
  1957   34.82  104.40
  1958   31.66   93.58
  1959   30.89   98.74
  1960   31.55   89.97
  1961   31.70  103.80
  1962   32.09   97.04
  1963   33.22  101.30
  1964   31.36   92.65
  1965   31.58   98.92
  1966   30.20   96.51
  1967   28.53   88.18
  1968   26.87   91.99
  1969   29.38   92.67
  1970   26.42   92.65
  1971   26.25   87.98
  1972   27.09   88.47
  1973   26.16   83.56
  1974   27.19   91.19
  1975   27.24   95.61
  1976   29.14   87.64
  1977   29.72   86.65
  1978   33.00   96.42
  1979   31.90  103.90
  1980   32.93   91.82
  1981   30.78   87.76
  1982   34.01   98.97
  1983   32.31   97.48
  1984   30.83   95.12
  1985   27.64   94.74
  1986   24.66   85.52
  1987   25.59   91.08
  1988   24.25   84.20
  1989   19.67   69.96
  1990   20.59   76.33
  1991   21.94   67.45
  1992   20.71   69.66
  1993   19.73   66.84
  1994   20.49   75.68
  1995   19.71   65.80
  1996   18.95   57.36
  1997   20.33   63.40
  1998   20.45   66.45
  1999   20.85   64.85
  2000   23.73   76.97
  2001   23.80   75.78
  2002   26.27   79.94
  2003   24.94   73.97
  2004   21.94   61.25
  2005   20.08   68.90
  2006   22.62   75.51
  2007   21.63   65.01
  2008   24.84   80.89
  2009   23.06   75.27
  2010   26.51   81.87
  2011   23.82   74.68
  2012   22.50   70.95
  2013   23.47   80.56
  2014   23.50   75.54
  2015   23.33   74.88
  2016   25.76   90.30
  2017   21.99   75.94
  2018   22.67   82.97
  2019   23.81   76.86
  2020   23.53   79.55
  2021   23.53   84.65
  2022   24.50   78.80
  2023   24.18   79.37
  2024   24.86   84.84
  2025   24.12   78.26
  2026   23.66   76.05
  2027   23.50   83.75
  2028   23.38   77.20
  2029   22.50   69.60
  2030   20.76   71.49
  2031   20.02   64.23
  2032   17.60   62.49
  2033   19.12   58.96
  2034   22.34   77.84
  2035   23.76   76.86
  2036   21.06   69.04
  2037   19.20   69.41
  2038   19.99   62.25
  2039   21.47   74.04
  2040   20.04   63.93
  2041   23.16   75.22
  2042   22.46   74.58
  2043   20.19   64.96
  2044   18.82   58.36
  2045   17.86   67.06
  2046   20.53   75.01
  2047   20.60   71.88
  2048   19.52   66.83
  2049   21.75   74.10
  2050   20.80   67.47
  2051   20.27   68.02
  2052   20.63   65.04
  2053   22.53   67.22
  2054   21.88   77.76
  2055   22.36   66.86
  2056   23.90   86.30
  2057   22.83   67.13
  2058   21.36   71.27
  2059   20.09   66.05
  2060   23.44   75.46
  2061   23.08   72.53
  2062   22.35   62.42
  2063   23.77   71.86
  2064   22.10   65.24
  2065   27.72   88.17
  2066   27.76   83.86
  2067   26.77   86.63
  2068   26.07   80.16
  2069   25.11   82.93
  2070   26.45   77.20
  2071   25.03   78.74
  2072   25.81   76.43
  2073   23.24   71.30
  2074   21.89   71.06
  2075   26.11   77.94
  2076   23.83   74.64
  2077   20.20   71.68
  2078   20.58   71.82
  2079   20.03   71.72
  2080   22.39   81.90
  2081   22.49   75.98
  2082   21.61   75.92
  2083   22.17   81.31
  2084   22.54   77.39
  2085   21.26   69.30
  2086   22.35   68.15
  2087   22.95   71.69
  2088   23.57   67.61
  2089   25.04   75.03
  2090   24.20   75.18
  2091   23.91   72.99
  2092   21.44   66.62
  2093   22.34   81.19
  2094   20.71   71.52
  2095   24.05   76.11
  2096   22.25   76.18
  2097   22.98   79.39
  2098   24.24   86.26
  2099   24.55   87.29
  2100   24.61   88.93
  2101   25.58   85.05
  2102   25.51   87.59
  2103   23.77   73.15
  2104   23.93   79.62
  2105   24.66   81.28
  2106   24.26   77.39
  2107   21.82   68.03
  2108   23.81   77.07
  2109   23.28   75.00
  2110   22.59   80.98
  2111   21.34   74.82
  2112   20.56   73.16
  2113   22.62   85.67
  2114   22.18   90.52
  2115   22.69   82.95
  2116   22.15   79.62
  2117   20.90   77.17
  2118   19.71   68.29
  2119   18.27   67.30
  2120   18.82   67.41
  2121   18.29   68.97
  2122   19.44   69.94
  2123   19.79   74.77
  2124   20.32   74.57
  2125   20.06   62.57
  2126   20.22   61.27
  2127   19.66   68.21
  2128   19.50   59.88
  2129   20.67   71.13
  2130   19.49   56.81
  2131   19.66   63.57
  2132   22.52   87.06
  2133   21.09   70.02
  2134   20.78   67.86
  2135   18.54   58.37
  2136   18.57   55.97
  2137   19.87   71.03
  2138   18.17   57.96
  2139   18.45   54.59
  2140   18.15   53.73
  2141   19.88   54.83
  2142   17.53   52.86
  2143   17.88   53.94
  2144   19.62   57.07
  2145   19.85   56.82
  2146   18.38   55.01
  2147   18.32   54.24
  2148   17.42   50.71
  2149   17.65   57.07
  2150   17.77   59.98
  2151   17.31   56.29
  2152   19.45   64.10
  2153   17.53   54.87
  2154   17.10   53.45
  2155   18.74   62.14
  2156   18.84   62.12
  2157   19.61   63.06
  2158   17.02   58.21
  2159   19.47   63.44
  2160   21.77   65.89
  2161   21.97   64.82
  2162   19.80   65.10
  2163   18.40   53.76
  2164   19.11   58.33
  2165   20.67   65.84
  2166   19.69   67.52
  2167   20.09   66.86
  2168   20.15   66.21
  2169   17.88   59.29
  2170   19.04   69.98
  2171   18.62   65.68
  2172   18.20   65.78
  2173   18.03   65.41
  2174   18.19   62.39
  2175   16.74   60.41
  2176   15.83   62.78
  2177   17.46   64.74
  2178   17.89   58.23
  2179   15.34   56.36
  2180   16.26   60.09
  2181   17.01   57.98
  2182   16.69   66.37
  2183   16.47   62.30
  2184   16.29   66.82
  2185   16.19   60.10
  2186   16.49   55.22
  2187   16.27   60.70
  2188   15.88   59.98
  2189   16.33   52.03
  2190   18.21   56.57
  2191   19.44   59.43
  2192   18.61   58.26
  2193   21.29   74.78
  2194   20.00   63.35
  2195   18.44   65.60
  2196   20.51   68.22
  2197   20.48   68.20
  2198   22.07   75.31
  2199   21.52   72.78
  2200   20.77   67.87
  2201   21.14   69.55
  2202   19.79   71.13
  2203   20.07   64.76
  2204   20.04   67.97
