     1   18.53   70.31
     2   19.49   75.26
     3   21.89   72.38
     4   22.76   80.92
     5   23.32   82.64
     6   23.23   78.30
     7   23.52   83.96
     8   25.06   86.44
     9   24.98   91.77
    10   26.31   84.12
    11   27.54   83.18
    12   28.01   94.20
    13   27.65   82.52
    14   27.64   95.16
    15   27.90   89.91
    16   28.34   96.93
    17   26.49   79.76
    18   28.86   89.68
    19   27.30   91.86
    20   29.99   88.04
    21   30.46   91.86
    22   29.01   91.36
    23   29.12   89.00
    24   26.75   78.58
    25   29.34   87.43
    26   29.37   89.33
    27   29.18   88.00
    28   31.27  105.50
    29   30.64   95.22
    30   30.04   96.32
    31   27.45   86.61
    32   27.76   79.96
    33   28.21   91.02
    34   30.85   99.84
    35   31.98  109.80
    36   36.42  113.80
    37   35.96  114.00
    38   37.77  128.50
    39   38.04  127.50
    40   35.29  115.70
    41   33.89  116.30
    42   34.06  112.70
    43   33.93  117.40
    44   33.80  109.10
    45   35.20  112.40
    46   34.00  115.40
    47   35.10  117.60
    48   35.95  117.30
    49   37.90  123.90
    50   38.47  128.70
    51   38.86  131.30
    52   40.22  137.20
    53   40.29  132.60
    54   39.43  133.70
    55   41.20  138.60
    56   40.31  137.10
    57   37.96  124.90
    58   38.19  132.20
    59   36.68  124.00
    60   37.51  120.50
    61   39.73  119.00
    62   41.70  137.90
    63   43.30  137.70
    64   44.89  138.90
    65   44.07  137.50
    66   43.88  144.40
    67   44.12  141.40
    68   43.31  134.10
    69   39.10  122.30
    70   37.71  121.90
    71   40.04  129.10
    72   40.25  132.60
    73   41.86  138.00
    74   44.05  133.70
    75   43.27  123.50
    76   45.85  141.30
    77   45.42  138.10
    78   41.22  124.20
    79   38.11  126.10
    80   36.88  113.50
    81   37.07  110.50
    82   34.06  108.60
    83   34.55  114.80
    84   35.86  113.50
    85   33.42  105.10
    86   34.60  110.50
    87   32.51  103.80
    88   32.94  107.90
    89   34.78  120.10
    90   34.03  113.90
    91   35.68  115.20
    92   38.74  124.90
    93   41.49  129.60
    94   37.68  120.50
    95   39.21  131.30
    96   35.81  118.60
    97   34.99  104.80
    98   36.03  106.80
    99   33.60   99.71
   100   32.98   98.78
   101   31.21   98.84
   102   32.33   94.25
   103   32.41   98.69
   104   30.10   94.26
   105   33.77  107.20
   106   34.07  111.60
   107   36.17  116.20
   108   37.04  109.20
   109   35.97  114.30
   110   33.33  111.10
   111   35.22  116.60
   112   32.45  119.80
   113   32.87  120.80
   114   30.97  110.40
   115   34.59  122.80
   116   35.28  118.90
   117   35.12  107.40
   118   32.60  113.10
   119   33.91  104.00
   120   33.92  102.20
   121   35.07  107.40
   122   38.27  122.80
   123   37.88  126.20
   124   38.41  111.50
   125   39.36  125.10
   126   39.49  126.80
   127   40.90  127.90
   128   42.42  136.40
   129   40.31  129.90
   130   39.19  120.80
   131   38.19  113.80
   132   36.59  114.70
   133   35.33  112.60
   134   34.83  109.60
   135   34.01   99.77
   136   33.41   92.63
   137   31.99   97.62
   138   34.87   95.27
   139   34.91   95.46
   140   33.79   95.87
   141   33.25   97.10
   142   30.76   87.79
   143   28.89   91.73
   144   28.74   85.21
   145   28.33   85.73
   146   28.28   92.27
   147   26.58   89.14
   148   27.92   92.95
   149   27.97   87.33
   150   27.85   85.54
   151   24.93   76.35
   152   26.04   87.21
   153   27.03   85.08
   154   26.63   86.57
   155   27.41   83.10
   156   28.74   85.71
   157   28.78   87.00
   158   27.52   90.19
   159   26.41   76.96
   160   26.30   73.04
   161   26.98   84.14
   162   25.75   77.66
   163   25.54   75.91
   164   24.65   80.53
   165   25.44   74.88
   166   26.26   82.25
   167   25.18   74.46
   168   23.87   72.02
   169   23.18   76.08
   170   23.88   78.19
   171   26.17   79.26
   172   27.69   80.09
   173   30.37   86.82
   174   30.81   88.72
   175   30.53   92.95
   176   29.77   85.71
   177   30.29   96.26
   178   29.79   95.50
   179   28.11   94.49
   180   30.35   93.70
   181   28.92   96.07
   182   30.80  100.40
   183   31.14  112.80
   184   32.80  111.00
   185   33.37  112.60
   186   32.07  110.20
   187   31.38  102.70
   188   29.49   95.82
   189   31.80  105.30
   190   30.80  106.50
   191   31.45  106.30
   192   30.36   94.93
   193   30.01   93.14
   194   29.23   93.29
   195   26.47   90.51
   196   25.84   84.48
   197   27.57   92.98
   198   28.85  102.60
   199   28.70   94.87
   200   30.09  105.20
   201   29.63  106.00
   202   29.20   97.98
   203   28.32   97.20
   204   30.23   98.90
   205   27.31   89.94
   206   29.25   90.89
   207   29.61   96.06
   208   31.04   99.75
   209   31.12   98.97
   210   31.05  104.40
   211   30.75   95.16
   212   30.83  102.70
   213   29.33   93.55
   214   30.99  113.10
   215   32.58  106.70
   216   32.86  112.30
   217   31.50  106.40
   218   31.33  101.90
   219   31.87  104.00
   220   30.48   94.07
   221   28.04   90.92
   222   30.95   97.93
   223   31.51   99.44
   224   28.47   91.18
   225   30.33   98.89
   226   30.76   98.29
   227   32.07  108.90
   228   30.49  103.10
   229   30.25   95.95
   230   31.80  107.80
   231   31.08  107.10
   232   31.77  109.00
   233   29.92  101.50
   234   31.44   96.96
   235   32.35  100.30
   236   32.51  105.80
   237   33.52  106.90
   238   30.95  106.90
   239   31.64  103.10
   240   35.47  108.60
   241   35.56  110.60
   242   35.92  106.70
   243   32.90   98.06
   244   31.85   97.80
   245   30.68   93.04
   246   31.63  100.20
   247   32.37  102.50
   248   32.31   95.92
   249   33.94  105.00
   250   29.98   92.74
   251   28.51   89.93
   252   27.80   93.48
   253   26.96   93.96
   254   24.91   79.64
   255   25.96   88.62
   256   25.98   92.75
   257   27.23   91.67
   258   27.69   86.52
   259   30.11   88.91
   260   27.55   85.10
   261   29.76   94.44
   262   30.77  106.90
   263   30.47   99.03
   264   30.37   97.85
   265   31.81  109.40
   266   30.21   97.47
   267   28.45   90.08
   268   31.56   94.34
   269   29.59   89.92
   270   27.82   90.79
   271   28.66   91.70
   272   30.24   93.93
   273   32.20  106.50
   274   32.11  114.90
   275   34.62  114.40
   276   35.52  117.20
   277   34.18  110.10
   278   33.05  114.30
   279   34.44  118.00
   280   34.67  118.20
   281   31.64  107.80
   282   29.70   97.41
   283   29.15   94.97
   284   27.53  102.10
   285   29.35   99.52
   286   30.95  105.90
   287   29.76  105.80
   288   29.17   98.49
   289   29.82  105.30
   290   28.32   98.41
   291   26.28   89.70
   292   25.54   84.89
   293   25.27   84.78
   294   26.48   86.87
   295   26.97   85.86
   296   27.85   97.33
   297   30.08  103.90
   298   32.62  104.40
   299   32.38  101.90
   300   31.03  108.90
   301   31.84  110.00
   302   33.57  113.50
   303   32.41  116.70
   304   31.81  102.60
   305   28.94   98.17
   306   31.96   97.70
   307   32.39   97.36
   308   31.66   96.92
   309   31.64   91.30
   310   31.90   99.45
   311   33.85  105.70
   312   34.20  106.30
   313   34.34  105.90
   314   37.60  122.40
   315   38.02  130.80
   316   36.90  116.30
   317   37.08  119.00
   318   36.56  113.40
   319   36.56  116.60
   320   37.19  116.80
   321   40.04  130.00
   322   39.28  130.50
   323   38.26  121.50
   324   37.49  117.70
   325   36.22  125.80
   326   36.92  120.30
   327   37.27  113.50
   328   38.07  115.80
   329   39.29  116.70
   330   37.26  110.70
   331   37.14  111.60
   332   35.19  107.60
   333   34.98  105.00
   334   34.63  106.80
   335   33.20  108.30
   336   33.44  101.20
   337   35.86  109.30
   338   36.58  110.30
   339   36.82  109.20
   340   33.54  105.20
   341   36.25  110.70
   342   37.02  114.20
   343   34.31  111.50
   344   36.11  124.30
   345   33.77  117.20
   346   34.22  110.40
   347   32.24  114.20
   348   34.47  115.80
   349   34.57  113.90
   350   34.70  114.30
   351   35.13  114.80
   352   34.73  115.70
   353   34.60  113.40
   354   31.62   99.78
   355   29.47   96.51
   356   30.40   95.74
   357   29.47   99.02
   358   29.51   89.44
   359   31.69   98.96
   360   31.52   95.01
   361   28.66   86.50
   362   27.94   82.94
   363   27.73   84.79
   364   30.67   94.74
   365   29.73   87.96
   366   31.98   98.43
   367   31.32   97.20
   368   31.72   93.85
   369   31.42   91.06
   370   31.45   93.79
   371   34.05  109.20
   372   35.52  111.30
   373   35.23  116.40
   374   33.45  103.10
   375   34.72  109.00
   376   35.99  109.70
   377   34.34  108.70
   378   36.12  102.60
   379   34.99  100.50
   380   35.83  107.20
   381   36.83  106.10
   382   36.19  112.90
   383   36.04  102.70
   384   37.66  109.00
   385   36.47  109.10
   386   38.39  115.00
   387   38.96  118.20
   388   39.17  118.00
   389   40.35  122.90
   390   38.32  117.90
   391   35.31  101.40
   392   33.45   98.64
   393   30.82   92.89
   394   29.86   88.54
   395   29.29   87.13
   396   31.54   91.89
   397   29.16   94.11
   398   29.96   99.50
   399   32.84  102.20
   400   33.79  104.60
   401   33.81  103.70
   402   33.26  103.90
   403   36.64  109.80
   404   34.81  104.10
   405   34.87  101.20
   406   33.75  106.40
   407   30.18   94.95
   408   29.46   93.31
   409   28.12   86.26
   410   28.37   88.86
   411   30.38   96.14
   412   29.40   94.02
   413   28.49   91.43
   414   27.51   89.53
   415   27.19   83.38
   416   29.22   95.87
   417   29.50   93.93
   418   28.14   88.25
   419   27.90   84.65
   420   27.99   84.26
   421   27.92   85.83
   422   28.25   90.31
   423   29.23   95.58
   424   28.61   92.22
   425   28.46   89.27
   426   29.63   94.60
   427   29.34   96.59
   428   28.21  101.30
   429   28.36   98.25
   430   27.31   98.59
   431   26.18   91.24
   432   26.53   90.85
   433   24.91   80.78
   434   24.72   80.30
   435   25.41   82.45
   436   25.24   80.84
   437   24.96   82.33
   438   28.00   88.20
   439   25.37   82.42
   440   25.92   89.67
   441   24.61   77.58
   442   24.72   77.57
   443   25.16   76.72
   444   25.04   81.15
   445   25.42   73.30
   446   25.18   74.49
   447   25.36   77.87
   448   27.90   82.54
   449   27.49   84.91
   450   26.47   83.97
   451   27.63   86.84
   452   30.07   88.32
   453   30.06   93.42
   454   30.48   94.88
   455   30.10   96.33
   456   27.46   94.98
   457   27.52   83.00
   458   28.26   85.67
   459   28.06   90.76
   460   29.07   88.34
   461   28.72   91.00
   462   26.85   96.77
   463   26.73   94.11
   464   27.82   90.97
   465   29.97  108.30
   466   31.75  104.90
   467   29.72   99.53
   468   31.32  105.90
   469   30.90   97.39
   470   32.39   97.30
   471   32.83  107.50
   472   31.46   94.34
   473   31.29  105.30
   474   30.34  101.30
   475   34.17  105.60
   476   33.96   98.18
   477   29.94   84.23
   478   29.99   81.65
   479   27.67   81.34
   480   24.76   70.41
   481   23.50   67.23
   482   26.71   74.79
   483   25.98   76.41
   484   26.83   79.60
   485   25.39   75.96
   486   23.69   72.73
   487   25.79   77.12
   488   27.35   82.92
   489   29.09   84.75
   490   27.06   83.79
   491   25.86   77.76
   492   26.55   83.54
   493   27.01   83.74
   494   29.86   91.88
   495   29.78   90.25
   496   28.86   98.92
   497   31.27   93.46
   498   32.35   95.80
   499   34.31  103.40
   500   34.30  101.50
   501   32.86   91.90
   502   33.92   94.55
   503   33.28   92.22
   504   37.05  109.90
   505   33.43   94.70
   506   34.45   95.56
   507   31.84   99.42
   508   30.40   90.27
   509   32.06   97.75
   510   30.94   97.48
   511   32.23   92.87
   512   31.88   90.36
   513   29.89   98.85
   514   32.38  106.00
   515   31.54   98.28
   516   31.74   97.52
   517   35.11  100.50
   518   33.36   96.84
   519   34.86  105.90
   520   37.76  112.50
   521   36.52  108.60
   522   36.98  117.80
   523   35.63  106.70
   524   35.10  112.90
   525   35.70  111.70
   526   33.87  103.20
   527   32.72   96.39
   528   34.18  102.00
   529   31.52   94.13
   530   32.38   96.26
   531   32.01   96.75
   532   30.79   95.65
   533   28.70   92.26
   534   27.91   84.26
   535   25.17   80.12
   536   25.67   78.61
   537   23.91   70.73
   538   29.11   85.30
   539   28.43   85.63
   540   28.17   86.76
   541   26.86   80.28
   542   24.88   80.04
   543   25.48   85.41
   544   25.78   75.34
   545   24.83   87.83
   546   26.74   85.69
   547   28.94  101.90
   548   30.07  101.00
   549   28.14   98.55
   550   25.22   85.92
   551   27.69   89.97
   552   28.94  101.60
   553   28.66  107.10
   554   27.00   94.10
   555   28.17   96.20
   556   26.78   92.98
   557   26.29   87.88
   558   26.39   81.39
   559   27.76   84.06
   560   26.09   80.76
   561   25.87   82.91
   562   27.85   81.80
   563   28.13   79.44
   564   27.00   74.87
   565   27.37   85.37
   566   25.67   73.48
   567   25.15   73.81
   568   24.86   82.58
   569   23.53   76.30
   570   23.48   79.37
   571   23.97   69.60
   572   25.44   77.06
   573   23.74   67.65
   574   22.97   72.52
   575   24.80   76.45
   576   24.70   70.84
   577   21.91   63.53
   578   22.05   71.86
   579   21.50   62.18
   580   23.59   72.34
   581   27.66   77.79
   582   26.78   77.17
   583   28.33   81.23
   584   25.73   76.42
   585   25.96   73.83
   586   26.92   76.55
   587   25.74   76.67
   588   25.51   72.00
   589   27.63   82.00
   590   27.09   83.70
   591   25.80   88.19
   592   26.28   88.24
   593   28.89   96.62
   594   30.27   99.94
   595   30.81   89.53
   596   31.60  102.90
   597   33.30  100.60
   598   34.28   99.90
   599   33.21  111.70
   600   31.07  100.50
   601   29.78   97.92
   602   28.03   93.85
   603   32.74  101.10
   604   36.86  120.00
   605   36.77  119.00
   606   36.95  118.40
   607   32.90  111.00
   608   33.56  110.00
   609   32.31  100.90
   610   30.96  101.10
   611   33.26  106.30
   612   34.85  104.50
   613   32.57  108.90
   614   34.46  110.60
   615   34.26  115.30
   616   35.65  113.40
   617   38.53  118.90
   618   38.05  122.60
   619   39.22  124.20
   620   37.22  124.60
   621   37.46  121.20
   622   38.07  115.90
   623   35.55  119.00
   624   37.55  131.70
   625   37.51  119.20
   626   36.23  114.60
   627   34.16  104.00
   628   33.37  102.00
   629   33.30  101.30
   630   30.44   97.01
   631   31.27   96.16
   632   34.00  106.40
   633   31.37  101.10
   634   29.56  104.00
   635   32.28  102.90
   636   30.36   94.47
   637   29.37   92.23
   638   32.06  104.70
   639   33.42  102.10
   640   31.21  104.60
   641   35.93  110.80
   642   34.67  107.90
   643   36.62  113.30
   644   35.94  112.90
   645   32.58  106.00
   646   32.50  114.00
   647   32.30  112.20
   648   31.18  102.50
   649   31.91  103.20
   650   32.45  106.10
   651   30.66   91.24
   652   29.49   92.08
   653   30.11   96.40
   654   28.18   89.66
   655   28.97   89.50
   656   30.84  102.10
   657   30.29  102.90
   658   29.60   98.29
   659   28.52   95.96
   660   27.50   90.27
   661   25.37   83.15
   662   24.17   76.47
   663   23.85   81.61
   664   22.87   69.28
   665   22.02   72.05
   666   20.66   66.78
   667   20.53   72.60
   668   20.31   68.76
   669   20.32   73.22
   670   19.71   59.58
   671   21.56   76.43
   672   21.96   73.12
   673   23.28   76.43
   674   25.80   78.80
   675   22.48   74.03
   676   21.79   81.23
   677   21.86   80.82
   678   24.35   84.48
   679   26.22   86.18
   680   25.14   80.35
   681   27.96   97.12
   682   26.10   87.01
   683   25.23   83.27
   684   23.98   78.56
   685   23.73   73.87
   686   21.52   70.83
   687   21.10   67.61
   688   19.34   72.21
   689   18.54   64.00
   690   20.07   75.87
   691   19.37   74.35
   692   20.82   66.96
   693   19.32   74.68
   694   18.58   61.98
   695   18.19   62.99
   696   17.58   60.71
   697   17.93   68.50
   698   17.94   69.12
   699   19.78   79.67
   700   19.70   71.52
   701   18.36   65.75
   702   19.55   66.86
   703   19.99   63.13
   704   21.57   64.80
   705   22.44   77.21
   706   23.27   73.63
   707   24.93   81.73
   708   24.47   72.38
   709   23.06   73.29
   710   22.47   68.55
   711   21.41   70.57
   712   22.85   68.59
   713   21.87   83.10
   714   22.12   73.57
   715   23.48   73.29
   716   24.45   75.29
   717   26.98   88.94
   718   26.60  101.90
   719   27.53  112.50
   720   26.17   98.44
   721   26.09  102.50
   722   25.03   93.98
   723   24.43   84.79
   724   22.86   73.93
   725   24.20   76.49
   726   26.92   86.72
   727   25.88   86.81
   728   26.12   94.46
   729   26.04   86.89
   730   25.95   84.77
   731   23.56   78.94
   732   23.15   70.01
   733   23.13   76.28
   734   21.26   66.41
   735   22.77   74.03
   736   22.89   84.06
   737   23.78   72.07
   738   23.64   73.82
   739   23.90   70.06
   740   25.41   78.74
   741   22.38   68.57
   742   23.44   77.72
   743   23.81   77.63
   744   24.84   82.67
   745   24.28   77.66
   746   24.72   74.24
   747   23.83   78.55
   748   24.56   86.81
   749   24.11   88.19
   750   22.23   73.53
   751   22.54   78.79
   752   23.68   81.32
   753   22.30   78.73
   754   21.25   72.31
   755   23.41   75.85
   756   20.75   72.76
   757   20.21   64.38
   758   20.63   66.32
   759   20.99   69.17
   760   22.64   76.39
   761   24.32   79.10
   762   24.61   79.69
   763   24.28   72.97
   764   26.19   75.15
   765   25.75   82.60
   766   27.69   91.63
   767   25.07   78.22
   768   26.14   83.35
   769   24.61   81.84
   770   25.65   82.29
   771   24.26   77.05
   772   24.00   83.88
   773   25.26   86.23
   774   23.88   78.29
   775   23.65   76.28
   776   25.54   82.69
   777   25.12   89.25
   778   23.28   79.76
   779   21.88   68.79
   780   23.42   82.32
   781   25.93   81.71
   782   26.23   81.81
   783   26.81   83.46
   784   25.15   80.40
   785   25.14   91.32
   786   25.13   90.53
   787   25.65   86.28
   788   27.02   90.64
   789   26.27   92.49
   790   27.18   89.03
   791   24.96   90.41
   792   25.27   82.36
   793   25.42   87.05
   794   25.39   87.21
   795   24.45   77.29
   796   24.97   83.32
   797   24.93   77.31
   798   23.11   74.21
   799   22.86   81.18
   800   23.42   72.37
   801   24.75   81.02
   802   22.79   66.22
   803   22.72   70.97
   804   21.91   62.81
   805   21.36   64.07
   806   21.11   62.70
   807   21.72   64.05
   808   22.14   64.53
   809   21.39   63.92
   810   22.69   72.83
   811   22.70   71.63
   812   23.75   71.16
   813   21.11   64.03
   814   19.01   59.44
   815   19.36   60.46
   816   19.68   61.50
   817   20.27   65.91
   818   18.71   63.79
   819   19.37   64.12
   820   18.69   60.46
   821   20.44   66.54
   822   20.57   63.32
   823   20.00   63.93
   824   20.55   65.86
   825   20.60   61.40
   826   21.27   66.83
   827   21.93   64.71
   828   22.31   69.92
   829   22.55   74.64
   830   22.11   69.79
   831   23.63   74.20
   832   24.90   78.37
   833   25.92   76.22
   834   25.79   79.11
   835   23.55   72.78
   836   22.35   70.05
   837   20.70   63.49
   838   19.46   65.04
   839   19.34   63.71
   840   20.69   67.41
   841   21.50   69.34
   842   20.13   70.79
   843   20.17   72.42
   844   19.11   64.96
   845   20.59   68.88
   846   21.55   68.01
   847   21.69   68.25
   848   21.00   70.22
   849   21.26   68.55
   850   24.34   76.68
   851   22.06   74.11
   852   24.30   75.57
   853   23.39   73.28
   854   24.62   80.42
   855   22.75   80.18
   856   24.14   77.58
   857   24.43   84.95
   858   24.32   80.51
   859   25.10   82.41
   860   21.96   74.09
   861   20.89   66.95
   862   23.21   77.52
   863   22.30   72.11
   864   21.36   69.30
   865   20.29   64.13
   866   21.16   68.53
   867   21.13   71.81
   868   23.01   76.10
   869   22.74   82.22
   870   22.12   75.60
   871   22.55   72.95
   872   24.30   79.45
   873   27.19   87.06
   874   26.31   87.17
   875   29.42   89.39
   876   30.99   95.16
   877   28.86   88.79
   878   26.74   89.86
   879   26.95   90.91
   880   26.88   87.05
   881   26.42   92.81
   882   26.12   88.62
   883   24.92   85.49
   884   25.53   89.07
   885   23.69   84.25
   886   21.29   71.85
   887   21.95   68.13
   888   21.42   72.72
   889   22.36   70.28
   890   21.34   70.58
   891   21.63   68.99
   892   22.82   74.95
   893   23.25   74.94
   894   22.03   73.90
   895   21.59   79.05
   896   20.82   69.31
   897   19.42   68.37
   898   21.23   66.00
   899   21.27   71.08
   900   21.76   69.08
   901   22.84   72.68
   902   24.84   77.56
   903   24.21   80.62
   904   25.31   86.52
   905   25.39   80.50
   906   26.65   80.08
   907   27.59   81.77
   908   28.96   83.45
   909   26.18   75.58
   910   25.97   77.52
   911   25.66   79.15
   912   24.76   75.70
   913   24.65   78.36
   914   24.09   67.01
   915   24.90   69.99
   916   25.59   76.24
   917   24.79   76.72
   918   25.71   75.04
   919   24.25   75.31
   920   22.08   72.14
   921   20.52   69.08
   922   21.24   68.88
   923   22.61   73.64
   924   21.70   66.61
   925   24.83   84.67
   926   24.01   75.23
   927   24.01   78.66
   928   26.45   89.87
   929   28.55   88.96
   930   27.10   84.49
   931   28.05   86.75
   932   28.09   88.68
   933   30.22   92.54
   934   29.21   96.99
   935   29.23   84.59
   936   30.62   88.16
   937   30.26   95.25
   938   29.18   94.24
   939   25.59   78.28
   940   26.35   86.49
   941   26.09   85.37
   942   24.17   81.33
   943   23.79   76.87
   944   24.15   80.49
   945   23.87   80.08
   946   23.06   70.76
   947   22.22   63.93
   948   20.07   66.59
   949   21.73   68.13
   950   18.43   59.16
   951   19.54   64.81
   952   21.07   65.18
   953   21.07   66.84
   954   21.17   68.24
   955   23.39   80.35
   956   25.02   78.14
   957   26.14   84.61
   958   24.24   78.47
   959   24.23   77.48
   960   23.19   75.57
   961   23.47   87.79
   962   22.77   73.84
   963   24.60   82.85
   964   23.81   77.36
   965   24.53   90.07
   966   24.47   83.21
   967   23.96   85.39
   968   23.70   78.74
   969   25.29   87.39
   970   22.92   77.91
   971   24.58   79.78
   972   24.57   88.28
   973   25.64   91.97
   974   27.37   90.31
   975   27.63   97.29
   976   26.79   90.31
   977   27.65   89.61
   978   27.55   94.54
   979   26.36   87.11
   980   27.00   91.28
   981   28.22   94.19
   982   25.40   91.25
   983   23.90   80.44
   984   23.87   83.51
   985   23.16   75.55
   986   23.29   75.38
   987   23.73   78.15
   988   22.99   73.75
   989   22.18   75.31
   990   19.58   62.21
   991   19.90   73.76
   992   22.38   72.37
   993   23.58   80.74
   994   24.17   81.90
   995   24.84   81.46
   996   23.62   81.48
   997   22.38   79.56
   998   21.55   75.09
   999   20.60   65.58
  1000   20.64   71.63
  1001   22.53   70.80
  1002   21.62   69.64
  1003   20.82   70.93
  1004   20.82   68.26
  1005   22.11   74.61
  1006   23.01   71.49
  1007   21.53   69.28
  1008   20.51   64.30
  1009   18.82   61.92
  1010   20.22   64.83
  1011   18.97   64.41
  1012   17.47   55.25
  1013   17.16   53.01
  1014   17.76   57.16
  1015   17.38   59.90
  1016   17.52   57.29
  1017   18.05   57.72
  1018   17.34   58.25
  1019   18.18   60.26
  1020   18.85   64.05
  1021   18.12   57.62
  1022   18.43   59.86
  1023   18.44   62.31
  1024   19.11   57.22
  1025   18.47   60.35
  1026   18.67   59.77
  1027   19.65   66.77
  1028   21.35   66.71
  1029   19.36   65.71
  1030   20.51   68.96
  1031   20.27   66.19
  1032   21.96   74.00
  1033   21.88   76.49
  1034   22.73   82.69
  1035   22.58   69.83
  1036   20.13   70.08
  1037   18.78   63.53
  1038   19.49   63.64
  1039   19.87   64.10
  1040   18.79   64.16
  1041   20.03   66.93
  1042   20.75   74.64
  1043   21.99   73.61
  1044   20.45   72.37
  1045   19.29   67.42
  1046   19.58   69.80
  1047   19.50   68.82
  1048   21.36   69.93
  1049   20.38   72.87
  1050   20.44   65.19
  1051   19.89   64.74
  1052   20.07   66.75
  1053   20.96   71.38
  1054   20.11   64.22
  1055   20.98   73.62
  1056   21.76   74.23
  1057   21.22   77.66
  1058   21.02   69.85
  1059   21.63   71.23
  1060   21.62   78.62
  1061   20.05   67.65
  1062   19.88   70.81
  1063   20.94   72.07
  1064   20.87   75.96
  1065   22.07   79.98
  1066   23.85   89.51
  1067   22.94   67.92
  1068   23.30   77.02
  1069   23.57   79.05
  1070   22.63   72.69
  1071   23.22   74.31
  1072   21.26   74.70
  1073   21.04   72.57
  1074   21.67   77.66
  1075   20.35   72.94
  1076   20.67   69.75
  1077   21.95   71.68
  1078   23.61   80.70
  1079   20.07   69.62
  1080   20.23   62.66
  1081   21.44   80.42
  1082   20.04   72.33
  1083   21.06   70.44
  1084   21.09   70.46
  1085   20.26   67.36
  1086   20.00   68.30
  1087   19.82   64.39
  1088   19.16   64.56
  1089   17.86   67.33
  1090   18.08   55.98
  1091   18.72   66.00
  1092   20.26   65.20
  1093   18.85   64.79
  1094   18.76   61.11
  1095   19.09   65.98
  1096   19.40   61.17
  1097   17.76   62.02
  1098   16.42   58.84
  1099   16.39   53.99
  1100   17.32   53.64
  1101   17.73   62.23
  1102   17.51   56.65
  1103   16.93   59.09
  1104   17.50   58.18
  1105   16.92   54.97
  1106   17.20   59.51
  1107   17.29   60.87
  1108   18.06   67.10
  1109   17.74   64.38
  1110   17.39   61.93
  1111   17.15   65.25
  1112   17.34   67.16
  1113   16.89   60.91
  1114   17.27   61.41
  1115   17.00   64.90
  1116   17.34   65.08
  1117   17.49   60.00
  1118   17.50   64.80
  1119   17.46   62.52
  1120   17.51   63.49
  1121   17.06   66.67
  1122   17.22   62.12
  1123   17.21   64.18
  1124   17.35   64.09
  1125   17.37   67.07
  1126   17.54   74.70
  1127   17.79   62.29
  1128   18.67   61.96
  1129   18.66   64.20
  1130   18.13   68.49
  1131   18.15   70.84
  1132   17.86   71.34
  1133   18.70   69.93
  1134   17.72   67.83
  1135   18.56   71.02
  1136   18.20   68.34
  1137   18.18   73.88
  1138   18.29   71.98
  1139   17.58   63.51
  1140   17.69   61.84
  1141   17.27   61.37
  1142   18.16   67.67
  1143   17.56   70.60
  1144   17.66   72.79
  1145   17.26   59.95
  1146   18.05   68.69
  1147   18.27   71.05
  1148   18.19   82.41
  1149   17.90   72.20
  1150   18.41   70.54
  1151   18.16   73.92
  1152   18.76   63.68
  1153   19.10   80.72
  1154   18.71   72.78
  1155   18.05   66.77
  1156   17.80   61.86
  1157   17.96   62.16
  1158   17.28   59.54
  1159   17.43   64.76
  1160   17.65   68.68
  1161   17.54   59.86
  1162   17.44   64.13
  1163   17.63   62.29
  1164   17.00   62.16
  1165   17.54   63.76
  1166   17.34   60.80
  1167   17.50   59.48
  1168   17.23   64.18
  1169   17.73   67.49
  1170   17.76   62.01
  1171   17.52   63.68
  1172   17.20   61.77
  1173   17.33   66.12
  1174   17.63   64.08
  1175   17.65   66.30
  1176   17.52   57.98
  1177   17.09   60.67
  1178   17.51   66.85
  1179   17.27   62.44
  1180   17.28   72.73
  1181   17.49   64.50
  1182   17.38   68.71
  1183   17.60   63.76
  1184   17.96   66.70
  1185   17.91   71.08
  1186   18.21   65.63
  1187   18.49   75.43
  1188   18.04   66.24
  1189   18.26   71.97
  1190   18.13   67.24
  1191   18.48   71.17
  1192   18.27   68.21
  1193   18.21   66.55
  1194   17.75   66.04
  1195   18.99   66.70
  1196   18.65   72.21
  1197   18.33   63.67
  1198   17.95   62.68
  1199   18.40   71.64
  1200   18.66   72.35
  1201   18.05   61.24
  1202   18.53   62.01
  1203   17.96   61.79
  1204   19.01   70.49
  1205   18.70   65.42
  1206   20.49   71.57
  1207   20.29   69.07
  1208   21.84   74.26
  1209   20.64   79.55
  1210   20.87   72.44
  1211   18.83   74.18
  1212   20.24   68.31
  1213   20.19   70.92
  1214   21.33   67.43
  1215   20.29   67.55
  1216   19.58   68.84
  1217   20.13   73.09
  1218   20.63   75.48
  1219   20.54   81.01
  1220   19.94   73.31
  1221   21.48   80.77
  1222   21.67   72.11
  1223   20.85   80.72
  1224   21.24   72.00
  1225   22.58   81.01
  1226   23.05   88.06
  1227   22.75   85.55
  1228   21.04   76.06
  1229   22.50   74.40
  1230   22.58   85.17
  1231   24.54   82.21
  1232   23.81   85.44
  1233   23.81   85.80
  1234   23.37   84.67
  1235   23.65   82.27
  1236   24.49   96.72
  1237   24.45   99.43
  1238   25.36   96.09
  1239   26.50  100.00
  1240   25.06  100.40
  1241   27.37  104.70
  1242   26.29  100.40
  1243   26.25   91.06
  1244   26.97  104.20
  1245   28.53  103.10
  1246   28.65  101.10
  1247   30.23  109.30
  1248   27.20   97.78
  1249   25.39   96.96
  1250   25.53   96.60
  1251   25.28   95.36
  1252   26.98   93.02
  1253   27.80  108.40
  1254   27.56   92.89
  1255   29.11  103.50
  1256   29.90  103.70
  1257   31.17  103.60
  1258   30.31   92.33
  1259   32.65   91.42
  1260   30.79   93.82
  1261   31.28   88.69
  1262   29.69   89.57
  1263   30.02   93.18
  1264   30.77   87.50
  1265   29.80   97.22
  1266   30.88  100.90
  1267   32.55  107.30
  1268   31.09   98.12
  1269   30.56   94.93
  1270   30.15  100.10
  1271   29.79   97.85
  1272   31.95   93.77
  1273   30.34   96.44
  1274   30.07   88.83
  1275   24.69   80.07
  1276   25.25   76.40
  1277   24.12   74.64
  1278   23.64   73.42
  1279   23.25   69.45
  1280   25.07   80.89
  1281   27.12   82.00
  1282   27.51   78.54
  1283   30.33   86.73
  1284   28.20   84.56
  1285   29.76   90.26
  1286   29.86  100.10
  1287   27.08   87.66
  1288   27.57   90.67
  1289   27.42   94.93
  1290   29.76   98.29
  1291   29.05   88.31
  1292   30.28   90.61
  1293   28.28   89.22
  1294   29.25   88.47
  1295   28.87   85.79
  1296   29.66   90.85
  1297   28.00   92.71
  1298   29.91   96.91
  1299   30.64   92.44
  1300   34.07  103.90
  1301   35.72  103.60
  1302   34.73  104.90
  1303   34.80  102.20
  1304   37.97  116.20
  1305   39.41  117.50
  1306   36.45  109.60
  1307   38.38  110.30
  1308   37.50  117.20
  1309   38.68  120.90
  1310   36.28  111.10
  1311   31.15   96.99
  1312   30.12   95.60
  1313   30.45   98.49
  1314   33.02  107.50
  1315   31.20   95.63
  1316   32.84   98.09
  1317   31.90  100.80
  1318   31.94  103.30
  1319   31.89  105.80
  1320   29.82   90.58
  1321   29.27   89.51
  1322   28.93   83.41
  1323   28.73   84.97
  1324   29.07   86.36
  1325   28.55   86.06
  1326   28.04   84.84
  1327   27.77   84.49
  1328   26.61   81.43
  1329   29.49   90.56
  1330   27.39   83.26
  1331   27.23   81.67
  1332   29.33   92.87
  1333   25.82   83.89
  1334   28.33   86.43
  1335   27.60   83.71
  1336   28.79   95.30
  1337   29.85   90.85
  1338   30.30   96.57
  1339   28.62   86.38
  1340   24.87   70.67
  1341   25.44   76.10
  1342   25.50   74.44
  1343   24.81   77.01
  1344   23.56   74.37
  1345   22.78   63.98
  1346   23.45   68.75
  1347   24.75   78.41
  1348   25.63   84.13
  1349   24.26   77.80
  1350   23.64   78.12
  1351   22.90   72.93
  1352   24.97   83.49
  1353   24.88   77.95
  1354   24.45   84.83
  1355   26.14   83.35
  1356   23.16   76.19
  1357   22.48   71.73
  1358   23.76   75.15
  1359   24.17   77.03
  1360   25.60   80.45
  1361   25.29   80.28
  1362   25.28   81.40
  1363   26.28   83.40
  1364   25.56   85.07
  1365   26.03   86.58
  1366   26.60   91.34
  1367   26.03   92.54
  1368   28.56   89.62
  1369   27.75   91.83
  1370   31.31  102.80
  1371   32.54  104.20
  1372   33.39  108.80
  1373   34.92  109.80
  1374   32.16  106.60
  1375   28.92   88.95
  1376   28.42   90.43
  1377   29.14  100.00
  1378   32.19   98.80
  1379   33.95  103.90
  1380   34.71  105.60
  1381   37.33  112.40
  1382   33.12  101.60
  1383   33.56  104.50
  1384   33.38  103.10
  1385   32.07  104.90
  1386   34.10  100.50
  1387   35.91  103.90
  1388   34.20  104.10
  1389   34.25  102.70
  1390   33.59  106.10
  1391   34.31  104.00
  1392   34.60  106.30
  1393   35.70  111.50
  1394   37.52  113.40
  1395   37.92  106.70
  1396   35.96  107.50
  1397   35.01  104.60
  1398   35.43  102.10
  1399   34.80   98.45
  1400   36.15  106.40
  1401   37.20  107.60
  1402   39.00  108.00
  1403   34.26   99.33
  1404   34.05  104.10
  1405   32.43   97.35
  1406   31.57   96.80
  1407   32.61  101.30
  1408   33.51   99.70
  1409   33.02   95.39
  1410   32.40   96.97
  1411   35.68  113.40
  1412   36.54  102.70
  1413   36.25  102.70
  1414   34.73  102.70
  1415   31.56   90.88
  1416   29.28   83.20
  1417   30.25   84.74
  1418   30.79   84.46
  1419   33.41   98.61
  1420   33.61   96.69
  1421   31.89   98.93
  1422   29.57   91.53
  1423   30.72   98.14
  1424   32.90   96.02
  1425   31.11   97.84
  1426   29.57   89.54
  1427   29.51   99.77
  1428   31.28   95.65
  1429   27.39   87.01
  1430   26.72   86.15
  1431   27.32   85.83
  1432   24.76   77.75
  1433   24.20   77.44
  1434   24.94   85.31
  1435   25.39   81.65
  1436   25.02   79.04
  1437   22.76   72.96
  1438   23.58   83.53
  1439   25.77   78.60
  1440   26.02   78.47
  1441   25.05   87.87
  1442   25.90   86.17
  1443   25.85   84.18
  1444   24.60   79.16
  1445   26.45   83.74
  1446   25.15   81.12
  1447   25.97   80.01
  1448   24.01   80.53
  1449   22.76   78.86
  1450   26.27   84.87
  1451   27.27   83.82
  1452   28.60   85.80
  1453   29.92   85.26
  1454   28.94   82.04
  1455   29.54   92.95
  1456   31.36   95.78
  1457   29.00   86.51
  1458   28.32   87.73
  1459   27.98   86.61
  1460   24.35   77.92
  1461   26.94   85.54
  1462   26.63   82.41
  1463   23.92   79.46
  1464   25.21   85.96
  1465   27.92   85.05
  1466   26.81   76.36
  1467   25.10   89.73
  1468   29.42   91.04
  1469   27.54   85.94
  1470   30.51   85.18
  1471   30.79   96.87
  1472   32.13  100.20
  1473   32.45  103.90
  1474   30.96  103.10
  1475   31.04  101.80
  1476   30.24  103.00
  1477   31.40   98.02
  1478   33.95  102.90
  1479   35.11  108.40
  1480   31.68  100.90
  1481   33.00  110.10
  1482   31.36   97.05
  1483   30.10   99.56
  1484   32.07  101.80
  1485   33.56  104.20
  1486   31.02   92.92
  1487   29.50   95.90
  1488   30.70   95.69
  1489   33.27   96.19
  1490   31.44   92.08
  1491   32.06  100.20
  1492   33.12   99.07
  1493   35.18  104.00
  1494   32.94   96.45
  1495   30.27   90.05
  1496   30.96   96.71
  1497   30.00   94.04
  1498   30.23   96.17
  1499   32.53  100.50
  1500   31.70   99.14
  1501   32.80   97.62
  1502   37.09  112.70
  1503   35.32  105.30
  1504   33.07  102.60
  1505   31.27   92.06
  1506   32.40   98.60
  1507   30.54   92.59
  1508   33.43  108.60
  1509   34.35  102.80
  1510   34.33  100.10
  1511   32.87   94.55
  1512   32.95  109.80
  1513   32.83  107.40
  1514   29.26  110.70
  1515   28.62   97.41
  1516   28.91  100.90
  1517   32.17  108.20
  1518   31.45  112.40
  1519   31.60  101.40
  1520   33.04  113.40
  1521   30.50   95.69
  1522   29.77   98.93
  1523   31.18  105.60
  1524   29.02  103.50
  1525   28.41  106.80
  1526   26.72   90.91
  1527   26.97   91.44
  1528   29.96   95.80
  1529   32.33  100.50
  1530   30.99   98.96
  1531   31.74   93.71
  1532   31.61   97.01
  1533   31.59   96.93
  1534   32.83   93.23
  1535   32.33   95.21
  1536   32.37  105.90
  1537   31.78  100.50
  1538   35.07  103.00
  1539   35.98  100.60
  1540   40.32  117.50
  1541   38.49  113.80
  1542   37.06  119.40
  1543   36.45  111.80
  1544   38.28  116.60
  1545   35.54  121.60
  1546   36.60  113.00
  1547   35.31  107.80
  1548   34.74  104.10
  1549   34.71  106.10
  1550   33.45   97.91
  1551   32.00  103.80
  1552   32.32   94.37
  1553   31.58   97.39
  1554   33.92  110.00
  1555   32.86  105.50
  1556   30.41  101.70
  1557   32.91   95.65
  1558   33.92  112.60
  1559   34.21   97.76
  1560   34.74   97.96
  1561   35.92   99.45
  1562   36.64  108.60
  1563   36.01  104.40
  1564   36.13  103.00
  1565   40.43  113.90
  1566   39.50  121.10
  1567   38.04  118.70
  1568   40.58  123.70
  1569   38.42  116.10
  1570   40.16  115.40
  1571   39.74  115.50
  1572   37.56  114.10
  1573   39.56  116.50
  1574   39.32  109.00
  1575   37.45  106.60
  1576   39.38  115.20
  1577   40.53  117.20
  1578   40.97  118.10
  1579   39.09  113.80
  1580   38.16  112.90
  1581   38.97  114.50
  1582   38.55  118.40
  1583   37.17  115.40
  1584   36.08  111.80
  1585   33.58  104.30
  1586   34.71  108.80
  1587   35.26  105.00
  1588   34.30  102.70
  1589   34.34   97.27
  1590   35.41  103.30
  1591   35.84  105.40
  1592   37.58  115.60
  1593   39.78  117.80
  1594   39.45  112.80
  1595   40.26  113.80
  1596   41.73  116.10
  1597   39.49  117.40
  1598   35.20  105.20
  1599   35.54  103.50
  1600   35.62  106.60
  1601   36.14  111.50
  1602   32.53  104.30
  1603   32.36  105.30
  1604   34.50  115.20
  1605   39.00  134.00
  1606   38.47  125.90
  1607   38.45  129.00
  1608   37.02  121.60
  1609   38.24  124.40
  1610   39.60  131.60
  1611   39.64  126.90
  1612   40.19  127.40
  1613   40.98  129.50
  1614   41.75  137.00
  1615   42.57  140.20
  1616   42.48  137.30
  1617   41.68  133.60
  1618   39.93  122.40
  1619   41.45  125.40
  1620   44.44  127.40
  1621   43.45  140.70
  1622   43.18  140.20
  1623   42.27  140.90
  1624   40.13  127.60
  1625   39.51  117.00
  1626   39.42  117.90
  1627   37.07  111.40
  1628   38.34  117.50
  1629   36.25  113.50
  1630   35.03  109.50
  1631   36.04  111.80
  1632   34.79  111.80
  1633   34.00  106.80
  1634   33.85   96.11
  1635   34.63  108.60
  1636   34.26  108.20
  1637   34.88  120.40
  1638   35.00  119.10
  1639   35.92  120.80
  1640   33.86  107.80
  1641   32.20  105.00
  1642   31.68  106.40
  1643   31.09  109.30
  1644   31.79   98.07
  1645   30.16   96.35
  1646   26.51   84.61
  1647   26.20   89.46
  1648   27.00   92.37
  1649   27.24   87.04
  1650   27.92   84.42
  1651   30.30   96.92
  1652   28.96   94.87
  1653   31.56  100.90
  1654   33.08  102.10
  1655   30.14   90.68
  1656   29.48   94.30
  1657   28.68   86.78
  1658   31.03   97.50
  1659   31.03   94.08
  1660   29.10   79.92
  1661   26.89   80.49
  1662   24.50   78.84
  1663   26.81   96.99
  1664   29.17   92.44
  1665   30.41   86.13
  1666   30.62   89.01
  1667   28.84   88.23
  1668   29.72   96.22
  1669   30.45   98.78
  1670   30.36   95.39
  1671   28.31   85.88
  1672   30.82  100.50
  1673   29.06   98.22
  1674   31.47   98.63
  1675   31.21   93.96
  1676   29.57   94.44
  1677   28.05   79.80
  1678   27.50   78.55
  1679   27.54   87.13
  1680   30.51   91.91
  1681   30.66   98.06
  1682   29.89   89.84
  1683   26.42   82.36
  1684   26.80   84.13
  1685   27.73   83.78
  1686   27.58   83.63
  1687   27.72   84.03
  1688   27.27   80.25
  1689   26.38   85.44
  1690   25.41   74.51
  1691   22.57   74.09
  1692   23.08   72.86
  1693   22.07   64.81
  1694   22.10   66.43
  1695   24.41   72.63
  1696   24.48   74.15
  1697   23.74   78.48
  1698   24.49   73.88
  1699   23.32   74.82
  1700   23.69   74.15
  1701   26.97   75.40
  1702   27.32   76.68
  1703   25.30   78.10
  1704   27.47   84.16
  1705   30.04   90.85
  1706   30.54  101.40
  1707   29.15   91.93
  1708   27.01   87.65
  1709   26.64   86.33
  1710   23.59   75.34
  1711   25.50   84.97
  1712   25.61   76.22
  1713   25.97   82.29
  1714   25.65   80.77
  1715   26.80   85.81
  1716   25.83   75.55
  1717   25.38   84.48
  1718   25.49   82.04
  1719   24.72   75.02
  1720   25.52   79.65
  1721   26.08   78.59
  1722   25.28   75.66
  1723   23.46   74.77
  1724   26.30   77.72
  1725   25.72   79.38
  1726   27.19   77.91
  1727   25.61   77.58
  1728   25.93   75.34
  1729   25.93   76.06
  1730   23.14   77.11
  1731   24.51   76.36
  1732   28.25   93.14
  1733   29.78   89.73
  1734   27.68   83.34
  1735   27.71   90.73
  1736   26.75   77.20
  1737   27.15   89.64
  1738   28.66   85.32
  1739   28.79   87.93
  1740   30.41   87.24
  1741   33.66  101.20
  1742   33.57  102.70
  1743   29.61   86.65
  1744   30.24   91.34
  1745   29.90   89.15
  1746   29.93   92.18
  1747   31.17   99.35
  1748   35.20  104.30
  1749   30.63   92.87
  1750   28.48   87.60
  1751   29.63   90.49
  1752   31.47   97.94
  1753   32.05   95.26
  1754   33.05   98.77
  1755   37.07  107.20
  1756   36.68  106.50
  1757   34.87  102.90
  1758   36.62  110.50
  1759   34.50   99.36
  1760   35.30  107.70
  1761   34.78  107.50
  1762   33.83   96.21
  1763   31.48   96.29
  1764   29.44   91.87
  1765   27.17   83.70
  1766   28.47   89.15
  1767   27.10   90.28
  1768   28.10   84.70
  1769   30.81   92.93
  1770   31.53   90.90
  1771   33.15   99.04
  1772   32.45   95.44
  1773   34.61  107.80
  1774   35.41  102.00
  1775   33.86  106.30
  1776   33.68  108.10
  1777   34.79  104.40
  1778   32.86  109.30
  1779   34.32  125.70
  1780   35.23  110.00
  1781   35.15  111.50
  1782   34.53  112.60
  1783   34.84  108.00
  1784   33.98  116.30
  1785   32.09  105.30
  1786   29.57  100.10
  1787   31.50  109.10
  1788   32.11  103.50
  1789   30.19   98.91
  1790   28.48   97.99
  1791   31.18  100.40
  1792   32.51   97.86
  1793   29.71   89.91
  1794   30.05   96.68
  1795   30.01   90.70
  1796   32.22   98.95
  1797   33.19  104.70
  1798   30.86   91.96
  1799   30.62   91.61
  1800   27.38   78.40
  1801   29.13   89.89
  1802   27.99   83.32
  1803   30.91   92.77
  1804   30.36   89.22
  1805   30.16   91.21
  1806   29.14   85.98
  1807   27.24   81.81
  1808   28.51   83.89
  1809   27.91   84.11
  1810   29.70   81.33
  1811   29.37   82.49
  1812   29.96   89.88
  1813   30.08   93.71
  1814   28.29   94.00
  1815   30.86   88.76
  1816   32.55  103.10
  1817   33.82   98.77
  1818   30.13   89.30
  1819   30.25   94.34
  1820   34.33  102.40
  1821   34.32  103.90
  1822   33.46   98.39
  1823   30.90   93.11
  1824   30.14   89.60
  1825   27.66   79.98
  1826   28.43   91.98
  1827   28.72   93.74
  1828   29.61   90.77
  1829   31.01   89.78
  1830   32.10   94.38
  1831   32.26  102.00
  1832   31.39   96.58
  1833   30.47   95.97
  1834   32.27   96.95
  1835   32.53   97.49
  1836   34.93  103.30
  1837   36.24  114.80
  1838   35.05  102.10
  1839   36.87  107.20
  1840   37.78  113.20
  1841   37.69  109.80
  1842   35.88  100.50
  1843   33.28   92.50
  1844   31.73   87.75
  1845   31.55   85.09
  1846   34.84  105.50
  1847   37.53  103.70
  1848   35.72  106.90
  1849   37.50  112.40
  1850   36.14  108.10
  1851   32.21  101.30
  1852   29.62   91.88
  1853   30.55  100.30
  1854   28.06   92.68
  1855   28.75   88.02
  1856   34.23  101.90
  1857   33.06  100.60
  1858   31.19  103.80
  1859   28.87   91.50
  1860   28.96   87.76
  1861   27.01   76.34
  1862   26.65   84.32
  1863   24.62   80.95
  1864   21.47   66.16
  1865   23.62   73.82
  1866   22.61   66.22
  1867   23.70   67.09
  1868   23.00   69.12
  1869   23.05   63.70
  1870   23.21   70.50
  1871   23.19   75.99
  1872   23.65   70.83
  1873   23.93   78.27
  1874   22.68   68.22
  1875   21.56   75.17
  1876   20.99   70.01
  1877   22.65   71.56
  1878   22.02   76.08
  1879   21.83   73.39
  1880   21.28   70.11
  1881   23.03   62.81
  1882   23.85   72.33
  1883   24.40   77.91
  1884   26.31   80.43
  1885   27.80   84.54
  1886   25.83   77.68
  1887   27.81   85.52
  1888   28.28   93.72
  1889   31.07  101.90
  1890   27.48   89.74
  1891   24.19   83.53
  1892   25.22   86.78
  1893   26.77   94.65
  1894   27.99   94.06
  1895   30.19  105.00
  1896   31.91   99.60
  1897   33.10  106.40
  1898   31.89  107.50
  1899   33.18   99.25
  1900   33.40  102.10
  1901   33.08  106.40
  1902   35.36  106.10
  1903   33.29  106.40
  1904   35.75  120.20
  1905   34.74  108.90
  1906   34.90  109.00
  1907   35.90  115.00
  1908   34.31  110.30
  1909   33.91  103.50
  1910   31.86  103.80
  1911   31.25   94.85
  1912   30.34  105.50
  1913   30.19  115.40
  1914   31.66  102.00
  1915   30.50   99.68
  1916   32.31  104.20
  1917   31.30  101.20
  1918   31.84   99.13
  1919   30.04  101.00
  1920   34.70  110.50
  1921   32.74  103.40
  1922   35.66  109.90
  1923   33.86  108.70
  1924   35.94  120.10
  1925   33.50  116.10
  1926   32.77  107.40
  1927   33.69  117.20
  1928   31.98  109.10
  1929   31.33   99.23
  1930   31.00   88.16
  1931   30.19   90.33
  1932   30.17   92.12
  1933   28.43   83.73
  1934   27.15   85.66
  1935   28.05   94.55
  1936   29.88   97.88
  1937   30.42   98.55
  1938   30.90  101.20
  1939   31.95  103.40
  1940   30.33  104.70
  1941   27.15   92.16
  1942   27.42   96.21
  1943   25.80   86.02
  1944   26.08   86.33
  1945   26.49   83.56
  1946   27.95  101.30
  1947   25.91   95.26
  1948   28.31   99.97
  1949   26.27   95.67
  1950   27.15   97.74
  1951   29.70   97.55
  1952   30.23   94.90
  1953   32.73  103.20
  1954   29.54   91.70
  1955   32.24  100.90
  1956   30.79   95.39
  1957   33.73  110.30
  1958   33.63  109.60
  1959   31.33  102.40
  1960   31.07  102.70
  1961   30.71   97.17
  1962   32.14  101.00
  1963   33.85   98.07
  1964   33.01   91.69
  1965   34.12   96.79
  1966   34.92   98.23
  1967   34.99  101.40
  1968   33.82   98.40
  1969   35.13   94.90
  1970   32.72  101.80
  1971   32.82  101.10
  1972   30.19   91.04
  1973   30.35   97.78
  1974   30.71   89.29
  1975   31.12   89.03
  1976   33.54  103.30
  1977   33.56   98.94
  1978   32.56   86.40
  1979   30.54   91.96
  1980   30.26   94.72
  1981   31.99  101.50
  1982   32.32  101.50
  1983   29.87   95.07
  1984   26.58   90.85
  1985   25.88   83.89
  1986   27.08   76.74
  1987   28.37   94.52
  1988   27.33   91.22
  1989   29.50   98.06
  1990   27.28   82.83
  1991   29.24   85.34
  1992   27.77   86.99
  1993   26.90   82.96
  1994   28.14   77.09
  1995   29.47   80.73
  1996   29.96   82.39
  1997   29.73   82.68
  1998   28.87   85.41
  1999   30.87   91.50
  2000   31.28   86.38
  2001   29.27   81.88
  2002   30.49   93.39
  2003   29.61   83.20
  2004   28.80   81.40
  2005   32.63   89.62
  2006   36.03  104.20
  2007   34.28   97.52
  2008   32.87   97.76
  2009   33.80   91.60
  2010   32.64   89.80
  2011   34.00   92.98
  2012   30.77   84.02
  2013   30.79   90.49
  2014   30.97   90.84
  2015   31.23   86.80
  2016   30.90   88.09
  2017   32.53   98.75
  2018   33.53   97.08
  2019   34.81   96.23
  2020   35.14   98.59
  2021   34.83  102.30
  2022   35.41  102.90
  2023   35.95  104.70
  2024   34.00   96.63
  2025   34.98  102.80
  2026   35.84  104.90
  2027   33.60   94.96
  2028   34.19  103.00
  2029   36.07  109.10
  2030   34.30  107.30
  2031   34.85  107.50
  2032   34.70   98.29
  2033   33.96   97.50
  2034   35.12  100.30
  2035   33.00   99.45
  2036   32.18   96.88
  2037   31.85   91.18
  2038   32.27   93.82
  2039   32.00   93.34
  2040   28.95   89.85
  2041   29.76   91.42
  2042   28.91   91.01
  2043   29.88   93.29
  2044   28.14   92.96
  2045   28.30   90.11
  2046   29.10   98.69
  2047   31.30   94.74
  2048   32.34  102.50
  2049   31.06  100.80
  2050   29.49   95.81
  2051   30.01   98.65
  2052   29.78  103.80
  2053   30.74  110.00
  2054   29.93   96.64
  2055   28.16   86.99
  2056   27.17   85.73
  2057   27.90   93.08
  2058   27.25   90.59
  2059   29.52   95.96
  2060   30.17   96.61
  2061   28.29   86.33
  2062   30.07   94.47
  2063   31.88  103.10
  2064   30.27   96.03
  2065   30.24   99.34
  2066   31.17  102.00
  2067   28.92   97.38
  2068   27.29   91.22
  2069   26.11   90.55
  2070   25.40   97.71
  2071   23.62   77.30
  2072   23.94   80.70
  2073   23.96   83.52
  2074   23.71   73.03
  2075   24.82   73.75
  2076   23.43   70.40
  2077   23.92   69.66
  2078   25.12   75.99
  2079   25.87   80.28
  2080   25.09   77.07
  2081   25.17   73.15
  2082   24.56   77.72
  2083   25.33   76.03
  2084   25.72   77.90
  2085   24.05   76.07
  2086   21.63   74.00
  2087   23.08   67.54
  2088   23.58   65.68
  2089   24.33   70.25
  2090   23.78   68.52
  2091   23.80   70.59
  2092   24.55   74.71
  2093   23.34   70.99
  2094   23.25   72.46
  2095   22.66   71.61
  2096   23.84   72.78
  2097   22.41   70.44
  2098   23.29   71.67
  2099   22.55   67.70
  2100   23.56   71.73
  2101   22.99   73.67
  2102   21.01   63.14
  2103   22.61   71.43
  2104   21.60   71.40
  2105   22.08   70.20
  2106   22.47   67.93
  2107   21.99   64.60
  2108   22.16   73.73
  2109   22.93   70.34
  2110   25.98   77.03
  2111   23.11   79.51
  2112   24.62   90.09
  2113   28.00   93.22
  2114   26.26   84.76
  2115   25.84   82.46
  2116   26.10   82.10
  2117   23.93   73.55
  2118   22.89   68.40
  2119   21.75   66.29
  2120   23.49   83.82
  2121   23.05   78.03
  2122   22.95   77.12
  2123   22.19   73.87
  2124   22.39   76.26
  2125   22.42   70.30
  2126   22.99   75.49
  2127   20.81   66.99
  2128   22.84   71.51
  2129   22.79   74.09
  2130   23.11   79.12
  2131   22.59   76.61
  2132   24.58   92.26
  2133   24.41   91.17
  2134   24.46   90.79
  2135   24.62   81.59
  2136   24.13   85.37
  2137   24.75   80.69
  2138   24.16   78.13
  2139   23.17   72.96
  2140   24.82   76.29
  2141   25.14   84.23
  2142   26.06   84.19
  2143   25.80   86.91
  2144   26.70   90.99
  2145   26.68   85.53
  2146   27.60   85.71
  2147   26.54   85.92
  2148   27.03   87.61
  2149   27.12   87.79
  2150   25.50   83.50
  2151   23.69   74.57
  2152   22.76   76.62
  2153   24.36   85.31
  2154   23.13   79.44
  2155   25.78   81.59
  2156   30.63   96.48
  2157   28.42   92.95
  2158   26.71   88.77
  2159   26.88   87.06
  2160   26.54   88.78
  2161   25.77   79.80
  2162   26.46   84.84
  2163   27.99   95.90
  2164   28.05   90.10
  2165   28.29   85.20
  2166   30.78   93.81
  2167   28.68   84.69
  2168   30.96  103.40
  2169   28.56   93.78
  2170   27.62   85.54
  2171   28.02   86.94
  2172   24.74   78.99
  2173   24.56   73.70
  2174   24.55   71.03
  2175   26.16   77.14
  2176   25.48   73.19
  2177   22.64   76.04
  2178   23.30   72.01
  2179   24.45   75.95
  2180   24.56   75.37
  2181   26.83   85.73
  2182   26.71   91.31
  2183   26.70   83.69
  2184   26.67   87.59
  2185   26.41   83.71
  2186   26.57   81.87
  2187   25.53   85.12
  2188   24.39   81.20
  2189   26.31   84.46
  2190   26.78   88.12
  2191   26.99   95.27
  2192   26.39   78.92
  2193   26.79   86.25
  2194   27.36   87.55
  2195   28.28   93.33
  2196   28.42   97.77
  2197   28.11   87.29
  2198   28.36   91.28
  2199   28.88   94.44
  2200   27.65   90.23
  2201   27.49   93.25
  2202   24.39   87.43
  2203   22.98   75.94
  2204   26.03   90.93
  2205   25.30   89.89
  2206   24.57   86.98
  2207   26.25   93.16
  2208   25.37   82.77
  2209   25.58   77.97
  2210   28.01   88.76
  2211   28.29   88.30
  2212   27.04   82.92
  2213   25.88   88.71
  2214   25.57   83.82
  2215   24.52   74.21
  2216   24.07   71.28
  2217   24.95   72.16
  2218   23.63   68.96
  2219   23.81   73.30
  2220   23.35   75.50
  2221   24.03   84.86
  2222   26.29   99.10
  2223   26.22   90.44
  2224   27.28   88.40
  2225   27.13   91.54
  2226   26.36   83.01
  2227   26.81   80.41
  2228   26.28   80.17
  2229   23.98   81.00
  2230   25.52   76.68
  2231   26.14   84.59
  2232   26.25   80.35
  2233   24.71   88.14
  2234   23.52   82.04
  2235   23.96   79.89
  2236   21.92   70.76
  2237   24.20   87.99
  2238   24.03   87.23
  2239   23.19   82.59
  2240   21.85   64.45
  2241   20.50   78.47
  2242   21.67   67.05
  2243   20.33   63.30
  2244   21.15   64.53
  2245   21.08   62.18
  2246   19.32   65.00
  2247   20.19   64.67
  2248   18.61   57.49
  2249   20.06   66.19
  2250   20.40   70.75
  2251   22.29   87.40
  2252   21.83   83.65
  2253   21.01   72.66
  2254   21.65   74.98
  2255   21.70   73.59
  2256   20.32   68.48
  2257   20.04   64.08
  2258   19.82   61.79
  2259   20.35   67.62
  2260   22.19   75.50
  2261   21.34   73.63
  2262   20.45   65.62
  2263   21.93   80.34
  2264   20.40   64.95
  2265   19.97   63.58
  2266   19.77   62.50
  2267   19.35   60.41
  2268   19.58   69.25
  2269   18.56   62.12
  2270   18.29   58.05
  2271   19.92   68.68
  2272   19.69   65.01
  2273   19.92   69.45
  2274   19.81   67.15
  2275   22.22   74.98
  2276   23.16   80.13
  2277   21.09   70.22
  2278   20.58   70.77
  2279   20.98   63.77
  2280   23.33   71.94
  2281   22.47   70.64
  2282   22.97   80.44
  2283   25.85   85.09
  2284   27.23  102.20
  2285   27.86   96.44
  2286   27.58   96.73
  2287   27.43   98.46
  2288   26.70   97.56
  2289   29.42  106.30
  2290   27.05   95.99
  2291   26.63   94.65
  2292   29.21   98.67
  2293   28.87   93.70
  2294   28.54   89.07
  2295   29.09   98.02
  2296   25.98   86.20
  2297   28.88   98.69
  2298   29.41  107.30
