1.29614741E-02  7.99638512E-03  1.57636491E-03
1.45673205E-02  8.34248002E-03  1.20275087E-03
1.61731668E-02  8.50479465E-03  9.95480072E-04
1.77790132E-02  8.43660320E-03  8.59216385E-04
1.93848595E-02  8.18715085E-03  7.61940482E-04
2.09907059E-02  8.21832674E-03  6.74533482E-04
2.25965522E-02  7.76613557E-03  6.23698423E-04
2.42023986E-02  7.38723017E-03  5.80179570E-04
2.58082449E-02  7.78297867E-03  5.39149356E-04
2.74140913E-02  7.81494672E-03  5.09209252E-04
2.90199376E-02  6.98208463E-03  4.91948102E-04
3.06257840E-02  7.55694668E-03  5.05137023E-04
3.22316304E-02  7.46735797E-03  6.28096417E-04
3.38374767E-02  7.18250525E-03  6.02719163E-04
3.54433231E-02  6.77654520E-03  4.41716068E-04
3.70491694E-02  6.83823228E-03  4.12888113E-04
3.86550158E-02  6.62338335E-03  4.02013527E-04
4.02608621E-02  6.43376208E-03  3.92035051E-04
4.18667085E-02  6.26838979E-03  3.80053416E-04
4.34725548E-02  6.09681968E-03  3.72604241E-04
4.50784012E-02  5.69466821E-03  3.70464101E-04
4.66842475E-02  5.88644615E-03  3.71241329E-04
4.82900939E-02  5.38125368E-03  3.80070127E-04
4.98959402E-02  5.52711663E-03  3.51840944E-04
5.15017866E-02  5.04594695E-03  3.35873576E-04
5.31076329E-02  5.05356570E-03  3.27974604E-04
5.47134793E-02  4.87501414E-03  3.23269804E-04
5.63193256E-02  4.80015123E-03  3.16682240E-04
5.79251720E-02  4.57592601E-03  3.15212788E-04
5.95310183E-02  4.50274348E-03  3.38440432E-04
6.11368647E-02  4.31565328E-03  3.57406614E-04
6.27427110E-02  4.09647370E-03  3.11556825E-04
6.43485574E-02  4.08101933E-03  2.93180153E-04
6.59544037E-02  3.82896193E-03  2.89141258E-04
6.75602501E-02  3.76101450E-03  2.83609812E-04
6.91660964E-02  3.65360134E-03  2.79232853E-04
7.07719428E-02  3.58472232E-03  2.76443454E-04
7.23777891E-02  3.29559855E-03  2.76102782E-04
7.39836355E-02  3.46211397E-03  2.69313871E-04
7.55894819E-02  3.28000289E-03  2.65074291E-04
7.71953282E-02  3.23947413E-03  2.61382961E-04
7.88011746E-02  3.26748618E-03  2.58288537E-04
8.04070209E-02  2.81727553E-03  2.56392047E-04
8.20128673E-02  2.91495158E-03  2.57774576E-04
8.36187136E-02  2.76523775E-03  2.65773035E-04
8.52245600E-02  2.62762686E-03  2.59346709E-04
8.68304063E-02  2.62398406E-03  2.45506084E-04
8.84362527E-02  2.55480116E-03  2.40607850E-04
9.00420990E-02  2.43253341E-03  2.38223444E-04
9.16479454E-02  2.33742861E-03  2.35354811E-04
9.32537917E-02  2.31419264E-03  2.32879616E-04
9.48596381E-02  2.20965488E-03  2.31461442E-04
9.64654844E-02  2.22653842E-03  2.29201413E-04
9.80713308E-02  2.22733564E-03  2.26697918E-04
9.96771771E-02  1.93893297E-03  2.23874924E-04
1.01283023E-01  1.96520691E-03  2.22104245E-04
1.02888870E-01  1.97818450E-03  2.19799053E-04
1.04494716E-01  1.88252117E-03  2.17208016E-04
1.06100563E-01  1.83977133E-03  2.17097718E-04
1.07706409E-01  1.99015279E-03  2.21706146E-04
1.09312255E-01  1.84580897E-03  2.16961033E-04
1.10918102E-01  1.72375941E-03  2.10354893E-04
1.12523948E-01  1.72016663E-03  2.08220212E-04
1.14129794E-01  1.59390324E-03  2.07189900E-04
1.15735641E-01  1.68272667E-03  2.04563483E-04
1.17341487E-01  1.70249465E-03  2.02715367E-04
1.18947333E-01  1.51968322E-03  2.01633084E-04
1.20553180E-01  1.55034635E-03  2.00407219E-04
1.22159026E-01  1.50842432E-03  1.98877124E-04
1.23764872E-01  1.54421638E-03  1.99038936E-04
1.25370719E-01  1.23699834E-03  2.06159160E-04
1.26976565E-01  1.55292319E-03  2.08980753E-04
1.28582411E-01  1.42233154E-03  2.12226557E-04
1.30188258E-01  1.42653074E-03  2.13578106E-04
1.31794104E-01  1.18628703E-03  2.15793813E-04
1.33399951E-01  1.22245960E-03  2.14067464E-04
1.35005797E-01  1.20030982E-03  2.09848643E-04
1.36611643E-01  1.19189067E-03  2.06616388E-04
1.38217490E-01  1.21451143E-03  2.04677298E-04
1.39823336E-01  1.22837323E-03  2.03729601E-04
1.41429182E-01  1.18278366E-03  2.03526557E-04
1.43035029E-01  1.08326227E-03  2.02117197E-04
1.44640875E-01  1.19379376E-03  2.01542673E-04
1.46246721E-01  1.19214106E-03  2.00358397E-04
1.47852568E-01  1.16371523E-03  2.00006423E-04
1.49458414E-01  1.14463988E-03  1.99516375E-04
1.51064260E-01  1.14665340E-03  1.97686888E-04
1.52670107E-01  1.19564363E-03  1.96879095E-04
1.54275953E-01  1.03045494E-03  1.96856647E-04
1.55881799E-01  9.89342908E-04  1.95741532E-04
1.57487646E-01  9.72668242E-04  1.94904367E-04
1.59093492E-01  9.03103235E-04  1.94256090E-04
1.60699339E-01  1.17644960E-03  1.93484809E-04
1.62305185E-01  9.14419336E-04  1.93143169E-04
1.63911031E-01  8.81134932E-04  1.93481135E-04
1.65516878E-01  1.02187001E-03  1.91964354E-04
1.67122724E-01  9.52010975E-04  1.91239335E-04
1.68728570E-01  8.71471795E-04  1.90249740E-04
1.70334417E-01  9.35588830E-04  1.89219614E-04
1.71940263E-01  9.56179042E-04  1.88392913E-04
1.73546109E-01  8.24287801E-04  1.88437299E-04
1.75151956E-01  9.07932541E-04  1.87764768E-04
1.76757802E-01  9.02132796E-04  1.86695035E-04
1.78363648E-01  7.92426190E-04  1.86546640E-04
1.79969495E-01  7.32143543E-04  1.85768282E-04
1.81575341E-01  8.40311072E-04  1.85807962E-04
1.83181187E-01  7.13097198E-04  1.85251693E-04
1.84787034E-01  7.88180690E-04  1.83880404E-04
1.86392880E-01  8.22466665E-04  1.83026331E-04
1.87998726E-01  6.32862960E-04  1.82496872E-04
1.89604573E-01  6.53842464E-04  1.82136271E-04
1.91210419E-01  7.03381109E-04  1.81456296E-04
1.92816266E-01  7.16964315E-04  1.80676252E-04
1.94422112E-01  6.61279474E-04  1.80164777E-04
1.96027958E-01  6.57977536E-04  1.79734913E-04
1.97633805E-01  7.07315547E-04  1.79247020E-04
1.99239651E-01  4.96989648E-04  1.78867571E-04
2.00845497E-01  7.10962074E-04  1.78116716E-04
2.02451344E-01  6.79224996E-04  1.77741985E-04
2.04057190E-01  6.08974269E-04  1.77127194E-04
2.05663036E-01  6.46149474E-04  1.76439594E-04
2.07268883E-01  5.55856686E-04  1.75773337E-04
2.08874729E-01  5.85030232E-04  1.75316693E-04
2.10480575E-01  6.96870631E-04  1.74699347E-04
2.12086422E-01  6.44232014E-04  1.73943177E-04
2.13692268E-01  4.48723723E-04  1.73797987E-04
2.15298114E-01  6.40554620E-04  1.73098770E-04
2.16903961E-01  5.36015523E-04  1.72587242E-04
2.18509807E-01  5.87803444E-04  1.72247225E-04
2.20115654E-01  5.36158415E-04  1.71272070E-04
2.21721500E-01  5.83975443E-04  1.71137303E-04
2.23327346E-01  5.45447958E-04  1.70503681E-04
2.24933193E-01  6.29292003E-04  1.69958874E-04
2.26539039E-01  5.05828964E-04  1.69797005E-04
2.28144885E-01  5.16429543E-04  1.68851875E-04
2.29750732E-01  5.76339130E-04  1.69112621E-04
2.31356578E-01  5.87257424E-04  1.71712937E-04
2.32962424E-01  5.23729782E-04  1.73399502E-04
2.34568271E-01  4.78320622E-04  1.75262435E-04
2.36174117E-01  5.10559816E-04  1.75989667E-04
2.37779963E-01  5.02485782E-04  1.77234225E-04
2.39385810E-01  2.77655199E-04  1.78075214E-04
2.40991656E-01  5.59260803E-04  1.78345584E-04
2.42597502E-01  5.81741333E-04  1.79095797E-04
2.44203349E-01  4.63230802E-04  1.79579213E-04
2.45809195E-01  4.99666003E-04  1.79977636E-04
2.47415042E-01  3.71162381E-04  1.84443666E-04
2.49020888E-01  3.99437866E-04  1.88023429E-04
2.50626734E-01  3.24906249E-04  1.95064877E-04
2.52232581E-01  4.51851902E-04  2.04865858E-04
2.53838427E-01  4.23609944E-04  2.11865632E-04
2.55444273E-01  4.67485083E-04  2.17384435E-04
2.57050120E-01  3.55993797E-04  2.23574288E-04