     1   24.20   74.63
     2   22.04   69.52
     3   22.38   76.48
     4   24.08   84.44
     5   25.78   88.62
     6   23.75   80.77
     7   22.25   68.48
     8   23.36   78.46
     9   24.39   79.44
    10   25.21   95.60
    11   24.36   79.22
    12   23.45   94.55
    13   22.43   84.07
    14   23.77   90.25
    15   23.66   89.00
    16   23.46   77.77
    17   21.95   76.09
    18   20.71   80.97
    19   18.79   66.39
    20   18.92   70.10
    21   19.41   70.30
    22   19.56   70.24
    23   18.84   63.68
    24   20.29   64.28
    25   20.51   63.46
    26   20.69   64.48
    27   18.54   53.97
    28   21.23   63.57
    29   20.33   68.26
    30   20.11   64.71
    31   20.97   62.00
    32   19.99   62.25
    33   19.18   72.42
    34   18.86   54.28
    35   18.33   57.74
    36   18.57   60.43
    37   19.29   66.65
    38   18.74   58.46
    39   18.08   60.47
    40   16.99   62.64
    41   17.17   63.33
    42   16.93   61.93
    43   17.77   68.20
    44   18.56   58.84
    45   18.80   68.43
    46   19.68   70.05
    47   19.03   68.99
    48   20.47   68.74
    49   20.19   75.30
    50   21.11   70.76
    51   20.09   76.20
    52   19.41   75.40
    53   19.38   64.66
    54   19.79   71.29
    55   18.66   67.23
    56   20.84   68.62
    57   18.02   61.80
    58   18.25   56.35
    59   18.50   64.12
    60   20.91   67.80
    61   21.09   63.83
    62   20.79   58.80
    63   19.91   62.43
    64   20.62   71.16
    65   22.79   67.62
    66   21.80   76.83
    67   22.14   78.90
    68   22.17   69.51
    69   25.40   77.21
    70   21.21   67.79
    71   23.77   68.93
    72   25.97   76.36
    73   26.67   79.45
    74   29.46   95.24
    75   28.20   92.59
    76   25.87   92.12
    77   26.42   85.46
    78   27.92   96.18
    79   29.38  102.20
    80   29.33   96.23
    81   26.08   88.16
    82   26.70   85.04
    83   26.33   85.16
    84   25.80   85.44
    85   22.62   80.71
    86   19.12   62.34
    87   18.39   72.14
    88   19.74   71.03
    89   20.90   70.62
    90   18.09   65.23
    91   20.05   65.80
    92   20.19   74.60
    93   20.88   76.03
    94   21.28   77.12
    95   21.52   74.10
    96   20.43   67.07
    97   19.39   57.82
    98   21.81   63.21
    99   21.40   63.51
   100   24.82   78.17
   101   21.83   68.91
   102   20.45   70.58
   103   22.86   78.53
   104   22.17   75.48
   105   23.56   84.59
   106   22.65   76.35
   107   20.76   76.73
   108   24.63   90.73
   109   23.80   86.91
   110   21.67   77.04
   111   19.70   73.78
   112   20.03   66.58
   113   18.84   68.93
   114   18.50   64.70
   115   20.33   72.41
   116   19.61   71.95
   117   21.28   73.45
   118   22.73   77.50
   119   25.89   88.17
   120   24.07   79.04
   121   27.53  103.40
   122   26.70   94.06
   123   25.37   93.94
   124   24.62   86.52
   125   24.75   92.78
   126   25.10   85.19
   127   24.20   87.18
   128   23.05   76.65
   129   20.09   74.78
   130   22.19   77.38
   131   23.30   87.13
   132   23.94   82.05
   133   24.54   85.18
   134   24.95   84.32
   135   23.60   82.56
   136   24.95   87.16
   137   23.64   76.95
   138   24.12   85.65
   139   22.39   81.11
   140   23.69   90.78
   141   21.22   70.77
   142   22.40   75.51
   143   22.05   69.14
   144   21.24   78.43
   145   21.52   72.91
   146   23.28   67.95
   147   22.95   74.00
   148   22.16   71.32
   149   19.81   65.05
   150   20.12   62.75
   151   19.69   65.07
   152   19.57   62.77
   153   22.38   67.21
   154   24.63   70.83
   155   22.02   65.91
   156   22.80   67.23
   157   21.49   65.68
   158   20.04   67.13
   159   19.32   61.63
   160   20.08   65.79
   161   19.99   73.90
   162   18.78   54.46
   163   21.36   62.65
   164   21.99   63.31
   165   22.64   71.33
   166   22.77   75.93
   167   23.12   73.68
   168   23.38   75.17
   169   22.85   69.62
   170   22.60   78.08
   171   26.38   87.51
   172   24.28   84.61
   173   21.90   72.11
   174   22.77   72.99
   175   20.52   67.19
   176   23.16   78.51
   177   22.71   78.10
   178   23.65   74.26
   179   24.23   80.70
   180   25.65   87.53
   181   27.56   96.18
   182   26.14   91.23
   183   27.06   98.67
   184   26.47  101.80
   185   26.02   96.78
   186   27.40  100.90
   187   24.93   93.06
   188   24.18   84.08
   189   26.21   90.23
   190   24.95   85.73
   191   24.19   86.72
   192   26.89   98.66
   193   24.14   84.01
   194   25.04   94.81
   195   23.50   82.44
   196   23.91   82.36
   197   20.70   73.09
   198   24.17   81.67
   199   23.60   81.45
   200   27.50   92.99
   201   27.17   90.14
   202   26.66   89.99
   203   28.87  102.00
   204   27.84   95.58
   205   25.66   86.20
   206   24.82   82.58
   207   23.37   77.78
   208   23.03   73.46
   209   23.77   75.88
   210   21.30   76.44
   211   21.52   79.05
   212   20.42   74.31
   213   18.69   70.47
   214   18.73   66.59
   215   18.65   61.79
   216   18.17   65.55
   217   18.78   69.64
   218   18.43   66.88
   219   19.27   72.56
   220   19.54   69.61
   221   18.90   67.93
   222   17.65   56.61
   223   17.54   54.96
   224   18.02   59.77
   225   19.52   65.82
   226   18.94   59.47
   227   18.84   69.55
   228   18.56   59.46
   229   19.57   67.87
   230   19.09   65.46
   231   20.12   70.97
   232   19.78   63.57
   233   19.71   70.49
   234   20.18   66.10
   235   20.33   72.66
   236   20.71   74.54
   237   20.83   71.96
   238   20.38   69.24
   239   20.05   73.25
   240   19.91   64.14
   241   20.59   74.12
   242   20.47   67.63
   243   19.65   71.27
   244   20.77   79.51
   245   19.67   63.66
   246   22.26   84.43
   247   20.81   71.67
   248   21.24   77.73
   249   20.08   73.57
   250   20.48   79.12
   251   20.12   78.68
   252   21.84   83.51
   253   22.16   87.54
   254   22.08   79.63
   255   23.44   85.91
   256   22.45   85.24
   257   23.11   82.94
   258   21.04   77.86
   259   20.54   75.57
   260   21.69   78.98
   261   19.74   73.86
   262   18.66   58.91
   263   18.84   60.71
   264   19.93   65.57
   265   19.64   66.37
   266   20.16   72.58
   267   20.18   75.89
   268   21.89   75.43
   269   24.81   85.48
   270   21.91   76.20
   271   22.95   75.42
   272   23.31   76.46
   273   21.19   70.02
   274   21.44   66.83
   275   24.19   76.79
   276   26.36   86.56
   277   25.37   85.68
   278   24.97   81.24
   279   23.72   93.96
   280   23.18   91.83
   281   24.31   87.85
   282   22.71   74.35
   283   22.30   70.62
   284   22.01   67.06
   285   20.74   73.72
   286   20.36   66.48
   287   20.50   71.42
   288   21.32   77.04
   289   20.64   64.71
   290   19.74   62.95
   291   19.99   67.90
   292   21.70   70.26
   293   19.40   62.20
   294   19.07   64.15
   295   18.09   62.15
   296   19.35   60.46
   297   21.48   74.05
   298   22.51   75.01
   299   22.93   78.77
   300   20.85   73.68
   301   22.35   71.60
   302   19.57   67.49
   303   21.27   66.14
   304   22.14   82.87
   305   21.95   74.76
   306   21.73   72.76
   307   21.25   69.12
   308   21.60   72.37
   309   22.12   75.47
   310   22.61   66.51
   311   20.08   65.41
   312   20.56   72.88
   313   20.65   63.12
   314   20.45   62.47
   315   21.03   69.02
   316   23.35   73.60
   317   23.39   80.20
   318   23.61   76.97
   319   22.31   73.06
   320   23.71   88.02
   321   21.51   71.23
   322   21.16   71.18
   323   21.21   78.41
   324   19.96   64.63
   325   21.75   71.54
   326   19.58   60.88
   327   20.51   66.58
   328   20.96   68.51
   329   20.63   71.89
   330   20.06   67.05
   331   20.33   68.57
   332   20.13   66.57
   333   20.66   71.73
   334   19.83   67.52
   335   18.96   66.30
   336   18.19   61.69
   337   17.96   61.17
   338   17.09   54.10
   339   18.47   57.75
   340   18.53   58.40
   341   18.56   62.13
   342   19.58   70.18
   343   17.52   54.37
   344   17.84   54.62
   345   17.79   54.50
   346   17.05   56.36
   347   18.20   56.96
   348   17.48   56.00
   349   17.12   54.13
   350   17.39   57.25
   351   16.64   54.71
   352   16.92   54.20
   353   16.48   55.06
   354   17.86   58.43
   355   17.85   56.50
   356   17.57   57.82
   357   18.08   56.33
   358   18.15   57.51
   359   18.01   56.90
   360   18.17   57.54
   361   17.54   54.63
   362   19.11   63.00
   363   19.86   66.56
   364   19.22   59.65
   365   17.65   57.34
   366   17.41   55.31
   367   17.60   59.65
   368   18.92   58.60
   369   18.37   60.87
   370   18.80   61.33
   371   20.62   67.13
   372   20.54   64.14
   373   20.68   66.79
   374   21.84   73.76
   375   22.04   62.34
   376   21.58   70.15
   377   24.78   76.17
   378   25.32   87.27
   379   24.87   89.60
   380   24.63   92.22
   381   24.19   89.35
   382   21.41   74.39
   383   22.20   81.11
   384   23.44   73.67
   385   20.47   63.43
   386   21.57   70.68
   387   22.52   66.45
   388   23.45   67.32
   389   20.76   62.51
   390   19.75   63.26
   391   20.20   71.58
   392   21.95   64.20
   393   21.95   66.68
   394   21.21   64.86
   395   22.97   81.55
   396   23.45   81.80
   397   24.09   89.64
   398   22.43   83.31
   399   22.30   82.99
   400   18.46   59.83
   401   16.65   58.61
   402   18.83   65.12
   403   17.09   54.00
   404   16.90   59.59
   405   17.97   53.23
   406   19.56   62.01
   407   20.00   61.59
   408   19.55   67.03
   409   19.41   69.68
   410   20.51   75.85
   411   21.64   77.21
   412   24.41   94.11
   413   23.43   84.49
   414   21.58   75.91
   415   22.34   87.12
   416   23.83   87.04
   417   23.37   81.62
   418   21.82   72.18
   419   21.73   74.51
   420   19.14   69.45
   421   19.92   78.21
   422   20.86   80.02
   423   20.63   88.31
   424   22.47   84.37
   425   21.98   82.20
   426   21.73   78.60
   427   22.45   81.29
   428   22.61   82.81
   429   24.60   87.27
   430   22.30   82.07
   431   21.16   86.70
   432   22.37   76.63
   433   23.19   70.32
   434   24.75   83.05
   435   25.24   89.90
   436   23.78   76.55
   437   22.37   67.14
   438   20.40   65.92
   439   22.35   68.47
   440   22.56   77.38
   441   21.55   72.35
   442   20.44   69.88
   443   24.04   83.68
   444   21.67   74.32
   445   21.01   64.37
   446   20.73   71.42
   447   22.19   67.04
   448   20.39   62.49
   449   21.91   68.38
   450   20.63   59.88
   451   22.66   76.63
   452   21.21   87.78
   453   22.38   76.54
   454   23.17   76.52
   455   22.48   69.75
   456   23.10   74.96
   457   22.47   73.00
   458   20.76   67.84
   459   22.29   65.77
   460   22.25   71.23
   461   21.05   65.32
   462   20.99   66.47
   463   22.32   70.56
   464   22.80   70.58
   465   21.93   73.29
   466   20.53   71.12
   467   20.66   67.47
   468   20.19   67.54
   469   21.11   72.64
   470   19.51   73.18
   471   22.72   81.35
   472   22.60   80.01
   473   19.29   60.36
   474   20.93   64.27
   475   22.84   71.35
   476   23.70   78.19
   477   22.47   67.27
   478   20.94   69.81
   479   20.66   67.23
   480   20.63   68.26
   481   22.11   74.58
   482   21.69   73.74
   483   22.61   83.04
   484   24.13   87.06
   485   23.52   79.91
   486   25.08   86.98
   487   26.81   92.79
   488   26.39   87.77
   489   23.20   79.42
   490   25.95   88.10
   491   23.95   82.29
   492   24.13   81.51
   493   26.83   85.22
   494   25.73   88.31
   495   26.26   83.22
   496   25.12   82.12
   497   23.31   71.36
   498   25.44   80.21
   499   25.45   89.16
   500   23.90   82.77
   501   21.98   71.82
   502   23.42   73.14
   503   24.87   78.75
   504   26.62   83.31
   505   27.86   92.70
   506   25.31   81.35
   507   28.98   91.02
   508   28.27  107.60
   509   27.26   91.32
   510   27.73   90.89
   511   25.40   83.90
   512   26.93   87.81
   513   29.04   98.06
   514   32.89  110.00
   515   33.51  108.90
   516   31.35  103.90
   517   30.23  101.60
   518   28.90   86.35
   519   28.34   89.79
   520   30.63   94.70
   521   30.27   92.40
   522   27.65   82.12
   523   26.21   80.84
   524   28.01   83.02
   525   29.81  100.30
   526   28.71   97.67
   527   26.89   99.11
   528   25.09   86.87
   529   26.37   91.71
   530   26.46   93.17
   531   27.17   93.17
   532   24.28   83.91
   533   23.75   77.36
   534   24.05   75.69
   535   24.20   76.09
   536   22.73   68.53
   537   25.75   73.66
   538   25.23   76.99
   539   23.95   77.42
   540   23.71   71.21
   541   23.97   74.35
   542   22.59   75.10
   543   22.33   73.24
   544   23.28   73.13
   545   21.54   63.40
   546   20.00   64.53
   547   19.57   65.23
   548   18.65   60.47
   549   18.98   61.27
   550   19.87   66.06
   551   19.61   65.17
   552   24.44   74.92
   553   25.79   90.05
   554   25.49   81.81
   555   26.18   83.72
   556   25.39   85.22
   557   26.41   86.39
   558   24.76   81.01
   559   23.95   74.11
   560   25.33   79.43
   561   24.28   73.58
   562   24.79   77.58
   563   23.52   77.69
   564   22.47   71.43
   565   23.54   69.56
   566   21.28   64.20
   567   21.03   67.04
   568   21.12   70.19
   569   21.24   70.00
   570   22.87   89.01
   571   23.50   80.68
   572   22.55   75.61
   573   20.09   65.01
   574   19.88   61.39
   575   21.23   61.78
   576   20.16   68.83
   577   21.65   68.39
   578   19.70   63.57
   579   18.17   65.25
   580   18.41   59.07
   581   17.60   57.65
   582   19.04   59.97
   583   19.18   58.03
   584   22.09   66.79
   585   20.17   63.22
   586   19.50   61.31
   587   20.33   62.89
   588   20.74   61.22
   589   19.40   58.74
   590   22.62   67.91
   591   23.94   67.58
   592   23.42   73.39
   593   22.34   65.31
   594   21.42   64.03
   595   22.64   66.03
   596   25.20   73.14
   597   23.68   72.42
   598   22.44   73.09
   599   22.71   72.02
   600   22.82   75.87
   601   27.54   90.97
   602   26.76   78.09
   603   26.37   81.08
   604   25.52   79.34
   605   26.67   80.29
   606   25.62   81.31
   607   27.70   79.84
   608   26.78   80.46
   609   24.60   71.08
   610   21.53   64.07
   611   23.84   73.48
   612   25.84   81.41
   613   28.04   94.65
   614   26.23   87.75
   615   26.88   91.19
   616   23.84   83.83
   617   26.43   91.83
   618   26.07   84.54
   619   24.80   78.05
   620   24.67   78.36
   621   22.47   74.57
   622   24.62   81.03
   623   25.19   79.44
   624   22.92   82.03
   625   23.52   77.79
   626   24.40   86.50
   627   25.10   80.11
   628   23.68   83.66
   629   24.42   91.81
   630   24.81   89.69
   631   25.50   94.89
   632   24.44   86.57
   633   27.93   96.47
   634   26.69   95.48
   635   29.19   97.38
   636   29.35   95.11
   637   28.27   96.04
   638   29.96   91.10
   639   26.80   89.45
   640   24.17   81.82
   641   26.20   81.64
   642   24.14   77.14
   643   24.18   75.48
   644   23.70   80.65
   645   22.64   77.16
   646   21.93   75.52
   647   21.52   72.94
   648   24.56   76.72
   649   25.21   82.43
   650   25.10   78.33
   651   28.61   86.99
   652   27.99   88.12
   653   27.67   85.58
   654   28.52   91.15
   655   26.29   83.40
   656   24.91   84.77
   657   24.44   80.76
   658   25.85   89.94
   659   26.77   85.85
   660   27.29   85.60
   661   28.58   88.07
   662   28.14   88.93
   663   27.79   88.64
   664   27.81   90.01
   665   28.69   88.13
   666   28.36   91.20
   667   26.41   92.20
   668   26.25   94.50
   669   27.88   91.62
   670   25.98   79.95
   671   27.24   84.91
   672   24.88   80.18
   673   23.87   74.93
   674   25.95   79.97
   675   24.61   77.74
   676   26.11   81.45
   677   21.42   59.56
   678   25.80   70.48
   679   23.90   74.72
   680   23.92   69.93
   681   24.66   71.01
   682   25.30   77.81
   683   24.31   75.65
   684   24.12   80.88
   685   24.87   75.40
   686   24.71   72.31
   687   24.44   84.20
   688   24.15   74.20
   689   22.16   70.26
   690   23.50   76.15
   691   24.09   78.43
   692   24.28   81.32
   693   23.17   80.22
   694   24.49   82.03
   695   25.67   86.22
   696   24.39   76.46
   697   23.59   79.39
   698   24.13   80.60
   699   23.09   81.31
   700   23.60   71.58
   701   25.18   85.35
   702   27.28   92.58
   703   25.52   84.57
   704   22.37   82.80
   705   26.05   83.54
   706   27.03   85.01
   707   26.87   80.99
   708   25.66   79.90
   709   27.35   85.26
   710   25.05   84.14
   711   23.95   83.35
   712   25.24   81.32
   713   26.91   90.37
   714   28.12   90.67
   715   28.91  100.10
   716   31.99  109.20
   717   28.83   90.63
   718   27.30   91.59
   719   27.28   86.29
   720   24.06   76.95
   721   23.10   74.51
   722   25.28   77.96
   723   22.31   73.28
   724   21.54   70.56
   725   24.41   77.27
   726   22.75   72.43
   727   24.19   78.87
   728   24.33   73.52
   729   21.41   63.49
   730   21.23   57.39
   731   24.43   75.52
   732   23.27   70.81
   733   23.73   71.28
   734   25.09   77.67
   735   25.55   82.72
   736   25.89   88.92
   737   26.45   88.06
   738   28.96   87.39
   739   29.01   89.97
   740   28.50   87.83
   741   25.65   83.61
   742   22.12   66.60
   743   19.26   62.53
   744   17.52   59.53
   745   19.75   59.35
   746   19.39   57.86
   747   22.07   61.13
   748   23.77   68.75
   749   24.29   80.74
   750   24.96   73.74
   751   24.20   72.63
   752   24.29   77.37
   753   25.09   75.05
   754   24.54   73.42
   755   23.91   69.65
   756   26.58   75.29
   757   25.21   71.71
   758   25.64   78.54
   759   22.96   66.81
   760   23.98   71.65
   761   24.82   79.72
   762   23.81   72.68
   763   23.13   66.75
   764   23.64   65.51
   765   25.67   73.08
   766   23.77   71.54
   767   26.41   73.61
   768   26.38   78.66
   769   29.42   82.91
   770   30.57   93.72
   771   30.61   97.01
   772   27.59   84.38
   773   26.95   80.76
   774   23.82   68.40
   775   18.75   58.68
   776   18.48   66.01
   777   20.34   68.16
   778   18.48   58.21
   779   20.32   67.61
   780   19.82   56.54
   781   20.11   66.02
   782   20.59   63.58
   783   20.26   70.14
   784   23.45   80.39
   785   24.72   77.33
   786   26.41   78.17
   787   25.78   73.24
   788   27.30   77.71
   789   30.99   86.15
   790   31.82   91.49
   791   31.16   96.91
   792   32.29   95.61
   793   29.52   90.74
   794   25.69   79.10
   795   24.60   76.19
   796   23.27   78.32
   797   22.80   75.32
   798   23.66   73.92
   799   25.18   78.00
   800   27.69   93.85
   801   25.51   88.50
   802   27.83   98.46
   803   25.06   82.58
   804   23.60   69.24
   805   26.26   83.06
   806   27.75   83.59
   807   27.64   82.84
   808   25.64   77.46
   809   25.82   81.18
   810   24.66   78.85
   811   26.44   77.44
   812   26.12   80.58
   813   25.74   78.25
   814   24.59   77.32
   815   26.83   84.18
   816   29.40   95.25
   817   31.88   92.76
   818   32.25  109.70
   819   30.10   97.80
   820   31.16   95.41
   821   32.69   94.86
   822   28.46   87.62
   823   30.33   93.69
   824   28.20   93.01
   825   28.91   85.34
   826   30.55   91.57
   827   28.62   91.28
   828   31.00   94.98
   829   29.99   91.89
   830   33.31   89.78
   831   31.28   92.07
   832   30.56   88.74
   833   32.01   91.80
   834   29.73   87.83
   835   32.21   93.07
   836   32.77   91.21
   837   33.85   97.76
   838   35.14  100.20
   839   32.75  100.30
   840   32.71  103.10
   841   31.34   99.78
   842   33.26  109.60
   843   32.16   99.57
   844   31.78  103.40
   845   30.58   99.74
   846   30.46   98.86
   847   28.41   92.83
   848   27.04   93.16
   849   26.83   84.57
   850   27.42   79.43
   851   27.14   85.54
   852   26.98   81.17
   853   28.37   86.26
   854   28.61   96.13
   855   25.68   79.65
   856   25.53   79.90
   857   24.94   79.99
   858   25.82   78.89
   859   25.24   75.59
   860   21.67   70.69
   861   22.28   66.87
   862   22.64   61.34
   863   23.82   67.32
   864   20.23   69.67
   865   21.12   70.02
   866   20.85   62.07
   867   23.23   67.33
   868   22.28   70.81
   869   21.73   64.35
   870   22.17   70.14
   871   21.51   63.66
   872   22.76   62.94
   873   21.14   59.51
   874   20.80   59.55
   875   23.34   65.90
   876   21.25   65.25
   877   20.84   62.56
   878   19.00   60.59
   879   18.91   63.72
   880   20.97   67.44
   881   20.60   65.53
   882   21.70   67.63
   883   20.27   59.63
   884   20.06   63.02
   885   19.79   58.64
   886   19.98   61.05
   887   17.56   54.36
   888   17.57   58.28
   889   16.95   56.99
   890   16.95   57.43
   891   17.04   58.69
   892   17.19   55.93
   893   17.27   55.22
   894   18.04   51.11
   895   17.60   56.28
   896   16.10   54.50
   897   18.11   61.27
   898   17.08   54.79
   899   16.63   60.44
   900   17.91   64.74
   901   16.87   63.76
   902   15.86   58.22
   903   16.69   53.27
   904   15.75   58.18
   905   16.60   57.75
   906   17.70   71.41
   907   17.18   58.38
   908   16.93   54.08
   909   17.24   53.39
   910   16.71   60.90
   911   17.64   62.10
   912   18.04   61.91
   913   17.74   58.66
   914   17.54   67.30
   915   17.45   59.23
   916   17.13   57.07
   917   16.48   51.28
   918   17.84   56.09
   919   15.80   57.31
   920   16.79   53.17
   921   15.81   49.53
   922   16.37   55.70
   923   16.71   62.12
   924   16.74   59.87
   925   16.64   56.87
   926   16.58   59.04
   927   16.39   63.50
   928   16.84   59.23
   929   16.71   53.74
   930   17.01   61.71
   931   15.50   58.68
   932   15.54   50.12
   933   15.89   51.67
   934   15.73   58.09
   935   16.50   53.14
   936   16.94   54.80
   937   16.45   55.92
   938   17.06   54.11
   939   16.52   59.88
   940   16.86   55.62
   941   16.55   59.73
   942   16.32   57.12
   943   16.56   53.28
   944   16.04   56.76
   945   16.23   71.17
   946   15.93   55.03
   947   15.29   52.98
   948   15.09   50.11
   949   16.41   65.04
   950   16.42   54.81
   951   16.47   56.37
   952   17.43   57.68
   953   16.74   61.70
   954   17.03   62.04
   955   16.59   60.74
   956   17.31   57.85
   957   17.11   57.64
   958   16.40   54.46
   959   16.68   57.04
   960   15.67   54.14
   961   16.57   57.29
   962   17.85   63.98
   963   19.15   74.77
   964   18.40   60.04
   965   18.17   63.04
   966   17.46   62.85
   967   17.48   55.88
   968   17.53   57.77
   969   17.28   60.72
   970   17.76   60.44
   971   17.84   65.84
   972   17.27   54.85
   973   17.16   57.64
   974   18.10   68.71
   975   18.11   69.51
   976   17.71   59.15
   977   18.31   61.98
   978   17.44   67.88
   979   17.11   57.72
   980   16.64   55.22
   981   17.22   56.44
   982   17.37   64.77
   983   16.72   52.57
   984   16.76   53.66
   985   17.87   62.74
   986   18.53   69.12
   987   19.15   64.80
   988   17.32   62.49
   989   17.46   63.52
   990   16.94   57.83
   991   18.15   61.41
   992   17.59   63.17
   993   16.93   55.74
   994   16.89   61.01
   995   16.04   51.26
   996   16.59   51.13
   997   15.33   53.75
   998   15.68   51.23
   999   16.30   61.30
  1000   16.52   53.74
  1001   16.12   56.31
  1002   16.70   59.61
  1003   16.45   55.00
  1004   16.56   57.66
  1005   16.27   54.08
  1006   15.65   57.30
  1007   15.67   60.01
  1008   16.30   59.04
  1009   15.45   50.62
  1010   16.15   47.91
  1011   16.87   59.05
  1012   16.17   58.75
  1013   16.25   57.12
  1014   16.20   52.09
  1015   17.55   51.74
  1016   18.11   56.13
  1017   18.28   59.31
  1018   16.92   55.74
  1019   16.18   50.39
  1020   17.62   57.11
  1021   18.24   62.70
  1022   20.36   67.60
  1023   20.27   75.78
  1024   19.14   65.86
  1025   19.05   69.42
  1026   20.42   76.35
  1027   19.64   70.04
  1028   20.34   73.67
  1029   19.20   78.64
  1030   21.19   79.63
  1031   19.46   70.52
  1032   19.58   68.20
  1033   20.44   71.19
  1034   21.09   77.69
  1035   19.65   66.97
  1036   18.69   65.56
  1037   19.56   68.92
  1038   18.62   63.59
  1039   18.41   59.30
  1040   16.20   49.27
  1041   16.66   52.91
  1042   17.08   55.99
  1043   16.56   54.07
  1044   16.44   62.96
  1045   15.16   49.58
  1046   17.26   60.28
  1047   18.00   69.82
  1048   17.93   75.84
  1049   16.33   69.08
  1050   16.33   64.44
  1051   16.84   61.61
  1052   16.89   67.98
  1053   16.46   64.60
  1054   16.08   63.04
  1055   16.77   65.18
  1056   17.32   62.61
  1057   16.02   54.02
  1058   16.70   52.80
  1059   14.65   48.13
  1060   14.97   44.43
  1061   16.42   54.23
  1062   15.33   51.04
  1063   14.93   54.25
  1064   16.81   55.68
  1065   15.96   57.30
  1066   18.44   60.15
  1067   18.14   61.61
  1068   18.00   59.34
  1069   16.79   54.95
  1070   16.57   54.01
  1071   15.58   46.45
  1072   16.02   51.30
  1073   15.43   48.68
  1074   15.41   58.56
  1075   17.85   60.30
  1076   16.82   55.53
  1077   16.07   56.93
  1078   15.24   51.91
  1079   15.31   47.88
  1080   15.07   50.51
  1081   14.11   54.21
  1082   15.94   51.19
  1083   16.41   56.62
  1084   14.81   44.38
  1085   14.54   49.00
  1086   15.97   56.95
  1087   14.95   49.51
  1088   14.88   52.34
  1089   14.72   54.45
  1090   15.31   56.13
  1091   15.14   51.10
  1092   15.22   55.46
  1093   15.68   55.50
  1094   15.41   55.14
  1095   16.43   62.77
  1096   16.10   56.13
  1097   16.70   56.38
  1098   16.75   61.21
  1099   18.11   69.00
  1100   19.98   76.31
  1101   19.28   67.11
  1102   17.80   62.83
  1103   16.64   56.40
  1104   17.42   54.18
  1105   15.72   56.45
  1106   17.82   64.71
  1107   15.98   57.48
  1108   16.61   56.27
  1109   16.82   56.30
  1110   16.18   63.89
  1111   16.71   57.67
  1112   15.46   59.00
  1113   15.70   59.62
  1114   16.16   58.27
  1115   15.95   59.04
  1116   15.78   55.78
  1117   17.62   60.64
  1118   19.21   60.45
  1119   20.53   70.07
  1120   18.53   69.84
  1121   17.68   60.48
  1122   17.54   64.74
  1123   16.86   53.77
  1124   17.27   63.71
  1125   17.95   69.96
  1126   17.45   58.85
  1127   15.77   59.04
  1128   16.20   55.65
  1129   15.47   46.41
  1130   15.55   63.26
  1131   15.41   52.60
  1132   15.28   53.06
  1133   16.55   57.18
  1134   17.06   58.59
  1135   15.61   54.90
  1136   17.01   57.57
  1137   18.07   60.09
  1138   18.58   61.18
  1139   18.56   63.38
  1140   19.31   68.92
  1141   19.24   64.35
  1142   18.97   68.43
  1143   18.12   58.25
  1144   19.55   72.50
  1145   19.47   64.25
  1146   19.40   62.31
  1147   19.82   66.80
  1148   17.55   57.96
  1149   17.28   54.62
  1150   17.56   57.37
  1151   17.93   63.49
  1152   18.52   60.75
  1153   17.59   67.72
  1154   15.70   53.57
  1155   16.29   53.54
  1156   16.35   58.26
  1157   15.98   52.41
  1158   15.60   52.23
  1159   15.67   51.14
  1160   17.10   60.28
  1161   16.88   54.62
  1162   17.14   57.69
  1163   17.38   58.56
  1164   17.86   60.52
  1165   18.14   58.14
  1166   16.59   61.80
  1167   16.63   63.46
  1168   16.65   58.04
  1169   16.84   58.49
  1170   17.20   62.98
  1171   16.71   57.21
  1172   16.88   57.44
  1173   18.05   66.12
  1174   17.52   64.27
  1175   17.50   61.10
  1176   17.25   61.88
  1177   16.57   57.51
  1178   16.36   58.49
  1179   17.10   56.63
  1180   17.67   60.59
  1181   17.62   58.84
  1182   16.58   52.05
  1183   17.61   58.44
  1184   17.43   54.14
  1185   16.04   53.02
  1186   15.83   50.67
  1187   16.34   59.08
  1188   16.68   64.10
  1189   18.88   60.40
  1190   18.64   63.31
  1191   17.98   60.58
  1192   18.36   63.58
  1193   18.40   58.69
  1194   17.82   58.90
  1195   18.09   52.65
  1196   16.70   58.51
  1197   18.01   56.75
  1198   17.73   56.77
  1199   17.49   63.40
  1200   18.86   67.35
  1201   18.49   66.99
  1202   17.86   61.34
  1203   17.70   60.64
  1204   17.75   64.26
  1205   17.98   63.71
  1206   18.13   64.91
  1207   18.55   71.72
  1208   17.49   62.28
  1209   17.59   53.95
  1210   16.76   60.05
  1211   16.54   57.88
  1212   17.82   64.41
  1213   17.22   63.14
  1214   18.01   62.54
  1215   18.03   64.46
  1216   17.27   62.78
  1217   18.43   64.76
  1218   18.53   64.81
  1219   17.48   58.21
  1220   18.48   63.10
  1221   18.90   68.30
  1222   19.03   70.58
  1223   18.41   75.86
  1224   17.86   77.09
  1225   18.62   72.45
  1226   16.59   58.81
  1227   18.02   67.17
  1228   17.16   64.00
  1229   15.88   51.88
  1230   15.59   53.48
  1231   15.20   52.25
  1232   15.84   59.57
  1233   16.00   56.66
  1234   15.52   49.89
  1235   16.10   58.70
  1236   16.18   58.97
  1237   16.38   57.11
  1238   16.16   52.71
  1239   16.04   52.35
  1240   16.07   52.55
  1241   15.75   50.99
  1242   15.88   51.82
  1243   16.03   50.13
  1244   16.02   50.42
  1245   15.42   49.55
  1246   15.81   52.52
  1247   15.32   51.02
  1248   15.89   59.53
  1249   16.25   58.49
  1250   15.40   54.96
  1251   16.08   51.10
  1252   16.74   55.41
  1253   16.73   55.88
  1254   15.56   49.49
  1255   15.63   54.34
  1256   15.23   53.39
  1257   15.21   50.61
  1258   15.30   53.93
  1259   15.85   53.36
  1260   15.36   47.00
  1261   15.53   51.84
  1262   15.31   52.40
  1263   15.80   49.42
  1264   16.11   54.23
  1265   15.68   56.63
  1266   15.66   53.76
  1267   15.70   54.10
  1268   15.68   52.49
  1269   16.07   59.80
  1270   15.88   53.64
  1271   15.17   50.87
  1272   16.33   55.80
  1273   16.65   55.20
  1274   15.94   52.58
  1275   16.33   55.26
  1276   16.81   56.57
  1277   16.44   56.07
  1278   16.29   56.41
  1279   15.13   53.28
  1280   14.96   52.63
  1281   14.94   50.47
  1282   14.32   56.98
  1283   14.49   54.66
  1284   15.13   54.12
  1285   15.17   50.60
  1286   14.96   46.79
  1287   15.86   50.25
  1288   15.66   53.81
  1289   16.52   56.50
  1290   16.64   67.22
  1291   15.97   55.75
  1292   15.59   53.16
  1293   16.46   55.92
  1294   15.51   53.08
  1295   14.40   44.74
  1296   14.99   45.90
  1297   15.15   54.54
  1298   15.13   48.35
  1299   16.69   56.75
  1300   16.55   57.94
  1301   16.85   62.70
  1302   16.41   59.46
  1303   17.09   55.86
  1304   16.92   56.87
  1305   16.99   60.47
  1306   17.03   56.18
  1307   16.13   63.81
  1308   16.05   60.48
  1309   15.88   53.05
  1310   15.21   49.55
  1311   15.58   57.83
  1312   15.45   51.96
  1313   15.12   50.05
  1314   15.01   50.75
  1315   16.39   59.86
  1316   16.26   56.47
  1317   16.47   57.68
  1318   15.72   52.53
  1319   15.99   54.56
  1320   14.89   46.56
  1321   15.29   48.14
  1322   14.80   50.52
  1323   14.80   50.56
  1324   15.76   57.73
  1325   15.85   56.01
  1326   15.48   52.43
  1327   15.97   57.08
  1328   15.66   50.73
  1329   15.21   56.28
  1330   15.65   60.62
  1331   15.31   56.48
  1332   15.14   52.99
  1333   14.79   51.57
  1334   15.04   46.18
  1335   15.40   51.72
  1336   15.01   49.32
  1337   15.11   56.74
  1338   14.45   46.79
  1339   14.87   51.37
  1340   15.80   57.49
  1341   16.76   54.02
  1342   16.83   55.66
  1343   16.88   60.51
  1344   17.75   58.26
  1345   16.16   54.23
  1346   17.88   64.19
  1347   16.60   56.12
  1348   16.51   57.09
  1349   17.38   59.30
  1350   17.95   75.77
  1351   17.73   68.84
  1352   18.78   71.10
  1353   20.94   81.50
  1354   19.12   71.38
  1355   18.73   81.07
  1356   18.36   76.91
  1357   18.40   72.70
  1358   16.68   68.65
  1359   16.81   57.91
  1360   17.41   63.67
  1361   17.97   66.65
  1362   18.88   72.99
  1363   17.78   59.91
  1364   20.36   74.85
  1365   18.01   61.87
  1366   19.22   60.62
  1367   18.74   64.91
  1368   17.92   61.80
  1369   18.52   64.15
  1370   17.80   58.56
  1371   18.33   63.66
  1372   18.91   71.74
  1373   19.01   66.69
  1374   17.83   65.06
  1375   17.51   68.57
  1376   17.54   63.67
  1377   18.48   65.50
  1378   17.76   61.76
  1379   18.02   60.68
  1380   16.37   55.60
  1381   20.30   75.76
  1382   18.89   69.69
  1383   20.20   82.64
  1384   19.31   71.40
  1385   19.43   68.62
  1386   19.34   63.83
  1387   18.59   66.83
  1388   18.50   66.83
  1389   18.33   65.32
  1390   18.46   56.94
  1391   19.35   64.07
  1392   18.94   69.22
  1393   20.76   77.34
  1394   19.62   72.20
  1395   19.77   77.73
  1396   19.51   74.93
  1397   18.60   75.68
  1398   18.34   63.01
  1399   19.24   67.46
  1400   18.82   75.80
  1401   19.12   73.99
  1402   18.58   62.76
  1403   17.49   65.35
  1404   16.13   60.81
  1405   15.38   50.29
  1406   15.99   50.05
  1407   16.00   49.46
  1408   17.44   62.72
  1409   17.40   65.96
  1410   15.84   55.95
  1411   16.24   52.44
  1412   18.59   57.99
  1413   16.68   55.22
  1414   16.46   59.52
  1415   15.92   56.80
  1416   15.99   51.96
  1417   16.21   49.63
  1418   15.51   54.69
  1419   16.57   59.52
  1420   15.76   60.28
  1421   15.99   65.16
  1422   17.79   72.94
  1423   17.06   66.73
  1424   15.91   57.18
  1425   15.51   56.89
  1426   17.89   66.73
  1427   17.31   60.18
  1428   16.73   59.70
  1429   15.89   60.34
  1430   16.21   61.75
  1431   16.94   61.56
  1432   17.13   58.11
  1433   17.65   65.14
  1434   17.10   59.23
  1435   15.98   50.28
  1436   15.94   53.17
  1437   16.86   56.73
  1438   16.65   56.28
  1439   16.80   51.40
  1440   15.19   53.83
  1441   15.27   52.54
  1442   15.81   56.72
  1443   16.09   57.06
  1444   16.90   62.68
  1445   15.20   54.17
  1446   15.74   56.29
  1447   15.23   54.43
  1448   15.67   54.43
  1449   16.98   56.82
  1450   19.99   73.21
  1451   19.37   67.98
  1452   18.95   67.27
  1453   19.55   82.15
  1454   20.15   77.17
  1455   20.45   77.34
  1456   19.57   67.79
  1457   18.41   64.94
  1458   19.49   67.24
  1459   17.48   56.34
  1460   17.40   60.83
  1461   17.30   63.66
  1462   16.84   61.73
  1463   15.68   49.75
  1464   15.95   49.33
  1465   16.69   54.72
  1466   17.64   54.77
  1467   18.08   59.22
  1468   16.87   49.78
  1469   17.17   60.19
  1470   16.17   53.99
  1471   16.64   58.74
  1472   16.48   56.55
  1473   17.39   55.86
  1474   16.43   60.45
  1475   16.31   54.74
  1476   16.24   56.13
  1477   17.07   66.86
  1478   17.79   74.20
  1479   18.98   63.79
  1480   19.70   69.60
  1481   19.37   65.43
  1482   18.64   61.43
  1483   19.03   63.54
  1484   19.97   68.49
  1485   19.99   70.72
  1486   19.31   76.52
  1487   18.88   76.00
  1488   20.40   68.10
  1489   19.44   72.56
  1490   20.31   76.24
  1491   21.20   77.19
  1492   19.75   74.07
  1493   17.73   64.83
  1494   16.68   59.62
  1495   17.30   62.65
  1496   16.81   57.84
  1497   17.29   57.09
  1498   15.84   56.32
  1499   18.01   63.17
  1500   17.74   61.94
  1501   17.50   64.13
  1502   16.65   56.27
  1503   17.00   59.55
  1504   16.69   58.21
  1505   16.69   59.46
  1506   16.30   55.03
  1507   16.63   62.58
  1508   16.97   56.76
  1509   17.70   54.63
  1510   16.83   54.43
  1511   17.42   62.92
  1512   18.12   65.84
  1513   16.34   59.52
  1514   15.86   60.83
  1515   15.96   59.75
  1516   16.36   62.31
  1517   18.33   70.68
  1518   16.98   62.74
  1519   16.98   55.84
  1520   16.77   57.48
  1521   16.30   58.48
  1522   16.60   57.96
  1523   18.15   60.26
  1524   17.39   58.72
  1525   16.96   58.86
  1526   17.66   52.63
  1527   18.75   69.02
  1528   18.92   64.24
  1529   18.28   64.94
  1530   16.80   54.47
  1531   16.18   60.80
  1532   17.44   58.90
  1533   20.09   75.20
  1534   18.96   65.03
  1535   20.89   77.37
  1536   20.82   77.90
  1537   18.74   61.36
  1538   20.33   80.45
  1539   18.51   66.12
  1540   20.43   80.40
  1541   19.76   66.60
  1542   20.67   82.32
  1543   19.89   70.90
  1544   19.02   69.50
  1545   19.70   71.78
  1546   19.68   69.92
  1547   21.05   78.69
  1548   21.37   79.07
  1549   20.86   81.33
  1550   19.51   71.59
  1551   19.18   68.65
  1552   19.25   71.25
  1553   17.73   63.36
  1554   18.79   66.10
  1555   17.75   63.69
  1556   18.31   66.77
  1557   18.96   67.60
  1558   18.20   61.54
  1559   16.65   67.06
  1560   16.72   60.29
  1561   17.17   67.04
  1562   17.12   60.96
  1563   15.64   57.39
  1564   16.01   62.61
  1565   16.17   58.67
  1566   17.41   67.34
  1567   16.72   61.66
  1568   17.94   59.17
  1569   16.79   53.87
  1570   16.13   52.03
  1571   16.01   54.91
  1572   16.88   60.63
  1573   16.24   58.26
  1574   17.13   54.23
  1575   17.48   61.83
  1576   17.65   61.69
  1577   17.38   56.07
  1578   16.65   58.17
  1579   17.22   65.22
  1580   15.98   58.08
  1581   17.42   53.78
  1582   17.33   58.77
  1583   17.09   65.22
  1584   17.93   56.65
  1585   16.86   55.62
  1586   16.82   58.08
  1587   16.59   53.69
  1588   15.70   57.41
  1589   15.91   66.35
  1590   16.44   59.04
  1591   16.65   60.64
  1592   17.56   58.78
  1593   17.18   56.95
  1594   16.62   62.84
  1595   17.10   59.33
  1596   17.02   57.61
  1597   16.71   57.24
  1598   17.33   60.94
  1599   17.70   63.25
  1600   16.96   63.42
  1601   17.30   63.36
  1602   17.46   61.15
  1603   16.67   54.57
  1604   16.27   54.00
  1605   16.96   56.61
  1606   16.52   56.27
  1607   16.43   51.73
  1608   16.26   56.63
  1609   15.51   56.20
  1610   15.56   53.26
  1611   15.20   56.24
  1612   15.23   55.36
  1613   15.46   51.66
  1614   14.92   52.30
  1615   16.16   59.03
  1616   17.25   56.90
  1617   16.66   55.72
  1618   17.63   59.73
  1619   18.01   59.46
  1620   17.66   63.54
  1621   16.37   57.26
  1622   19.10   71.71
  1623   17.90   65.65
  1624   18.68   69.92
  1625   18.70   57.86
  1626   18.68   66.39
  1627   17.89   66.67
  1628   17.48   56.32
  1629   15.92   57.57
  1630   15.49   54.52
  1631   15.56   62.80
  1632   14.75   52.19
  1633   15.85   53.20
  1634   15.14   50.70
  1635   15.44   49.79
  1636   15.83   51.11
  1637   16.96   63.50
  1638   17.12   58.55
  1639   16.12   54.25
  1640   14.92   51.64
  1641   14.88   48.97
  1642   14.48   53.16
  1643   14.61   49.77
  1644   14.66   53.54
  1645   15.07   57.76
  1646   15.12   49.62
  1647   14.93   56.13
  1648   14.88   54.17
  1649   15.07   53.70
  1650   15.01   57.99
  1651   15.62   56.18
  1652   15.35   57.88
  1653   16.23   57.14
  1654   16.49   54.49
  1655   18.38   66.94
  1656   17.51   63.78
  1657   16.63   59.65
  1658   15.75   61.26
  1659   15.73   60.02
  1660   14.61   53.08
  1661   14.51   54.98
  1662   14.16   51.97
  1663   14.08   50.24
  1664   13.92   52.10
  1665   14.14   52.48
  1666   14.93   59.40
  1667   14.68   56.81
  1668   14.32   50.65
  1669   14.45   51.26
  1670   14.33   54.16
  1671   14.24   51.95
  1672   14.55   50.60
  1673   14.07   53.51
  1674   14.47   55.52
  1675   14.36   54.49
  1676   14.43   58.88
  1677   14.30   49.22
  1678   14.52   49.41
  1679   14.85   63.40
  1680   14.47   53.66
  1681   14.50   62.92
  1682   14.89   59.67
  1683   14.49   52.73
  1684   14.52   49.03
  1685   14.61   48.63
  1686   14.90   52.92
  1687   14.25   49.27
  1688   14.52   48.35
  1689   13.93   47.88
  1690   14.15   51.72
  1691   14.16   47.20
  1692   14.35   56.37
  1693   14.41   51.47
  1694   13.99   50.05
  1695   14.92   50.74
  1696   16.01   52.71
  1697   17.35   63.77
  1698   16.57   63.39
  1699   18.39   58.91
  1700   17.54   57.16
  1701   18.08   56.92
  1702   16.37   52.77
  1703   17.48   53.82
  1704   18.63   63.34
  1705   20.30   78.22
  1706   20.51   66.12
  1707   19.10   59.93
  1708   19.86   60.22
  1709   17.38   60.36
  1710   17.07   57.37
  1711   17.51   62.92
  1712   17.17   58.32
  1713   17.11   56.31
  1714   16.82   70.46
  1715   17.04   58.95
  1716   17.23   58.57
  1717   17.18   59.73
  1718   16.98   62.28
  1719   17.97   64.60
  1720   17.35   55.83
  1721   17.53   59.89
  1722   18.95   64.93
  1723   19.20   59.72
  1724   18.53   65.91
  1725   17.93   67.93
  1726   19.53   68.67
  1727   19.96   70.45
  1728   19.57   65.67
  1729   19.86   67.33
  1730   21.29   73.73
  1731   21.10   73.92
  1732   18.23   62.54
  1733   18.99   62.46
  1734   18.23   62.88
  1735   16.82   58.02
  1736   16.81   58.97
  1737   16.72   57.13
  1738   18.99   66.94
  1739   19.97   75.02
  1740   19.38   66.45
  1741   19.43   70.47
  1742   20.53   86.13
  1743   19.22   75.36
  1744   17.35   60.91
  1745   16.79   58.64
  1746   18.85   64.66
  1747   20.95   79.72
  1748   22.16   84.97
  1749   19.84   75.42
  1750   17.68   66.23
  1751   19.63   74.95
  1752   17.60   64.39
  1753   18.07   58.91
  1754   18.29   62.57
  1755   16.60   51.63
  1756   18.12   61.71
  1757   19.41   70.38
  1758   18.91   61.11
  1759   19.04   61.13
  1760   17.57   59.96
  1761   16.83   54.84
  1762   17.61   57.44
  1763   17.85   56.97
  1764   17.52   56.69
  1765   20.14   74.07
  1766   18.25   63.97
  1767   20.06   73.47
  1768   17.67   59.52
  1769   18.25   61.43
  1770   18.37   57.41
  1771   17.55   58.98
  1772   17.21   51.98
  1773   16.04   55.20
  1774   16.65   57.08
  1775   17.88   58.09
  1776   18.83   63.18
  1777   20.75   71.54
  1778   19.70   64.78
  1779   18.59   65.66
  1780   18.66   66.02
  1781   19.96   68.14
  1782   17.66   55.75
  1783   17.78   57.06
  1784   17.12   53.31
  1785   17.23   59.79
  1786   17.20   62.56
  1787   19.30   68.82
  1788   17.32   61.42
  1789   17.90   59.46
  1790   16.97   54.98
  1791   17.66   57.83
  1792   17.23   56.65
  1793   17.44   60.02
  1794   18.67   65.64
  1795   16.86   60.62
  1796   17.00   56.28
  1797   15.99   64.09
  1798   15.33   57.64
  1799   15.99   60.06
  1800   15.41   56.64
  1801   15.86   50.93
  1802   16.38   64.01
  1803   16.00   56.83
  1804   15.77   55.24
  1805   15.86   57.09
  1806   17.22   68.37
  1807   16.92   58.84
  1808   15.39   56.39
  1809   16.05   57.08
  1810   17.21   59.63
  1811   16.34   51.89
  1812   16.37   55.78
  1813   15.92   54.00
  1814   16.12   61.71
  1815   16.53   57.03
  1816   15.63   53.23
  1817   16.48   60.45
  1818   15.59   51.51
  1819   14.89   48.32
  1820   15.09   50.74
  1821   15.94   61.52
  1822   15.28   57.12
  1823   14.83   53.66
  1824   15.30   50.30
  1825   15.70   56.23
  1826   15.40   57.97
  1827   14.62   51.97
  1828   15.48   54.10
  1829   15.25   50.27
  1830   15.78   53.69
  1831   15.00   51.91
  1832   14.97   47.91
  1833   14.75   54.47
  1834   15.17   48.98
  1835   15.72   55.09
  1836   15.89   56.44
  1837   16.17   55.42
  1838   16.28   53.59
  1839   16.45   59.44
  1840   14.93   55.41
  1841   15.06   53.53
  1842   15.01   55.54
  1843   14.84   50.79
  1844   15.27   51.91
  1845   14.88   49.45
  1846   14.60   52.57
  1847   14.98   51.38
  1848   14.76   58.26
  1849   14.79   56.62
  1850   14.81   59.15
  1851   15.12   54.27
  1852   14.56   54.97
  1853   14.78   52.37
  1854   14.80   53.58
  1855   14.98   51.97
  1856   14.98   54.44
  1857   14.70   47.63
  1858   15.31   52.94
  1859   15.34   56.35
  1860   15.38   55.48
  1861   15.51   54.61
  1862   15.87   56.89
  1863   15.36   51.44
  1864   15.35   52.06
  1865   14.98   48.76
  1866   15.37   56.57
  1867   15.15   50.40
  1868   15.05   49.70
  1869   14.44   53.88
  1870   14.89   57.99
  1871   15.35   53.88
  1872   15.03   62.99
  1873   15.21   56.75
  1874   16.00   58.47
  1875   16.15   58.73
  1876   15.28   53.82
  1877   15.37   56.49
  1878   15.80   53.94
  1879   15.76   58.32
  1880   16.26   66.04
  1881   15.70   60.33
  1882   15.14   57.96
  1883   14.55   53.73
  1884   14.63   57.29
  1885   15.02   53.19
  1886   14.99   54.41
  1887   14.95   60.58
  1888   14.60   53.87
  1889   15.52   54.24
  1890   14.88   56.14
  1891   15.30   59.61
  1892   14.80   54.34
  1893   14.66   58.48
  1894   14.80   51.21
  1895   15.29   52.11
  1896   15.26   56.79
  1897   15.34   58.57
  1898   15.55   62.88
  1899   14.68   53.73
  1900   14.17   55.61
  1901   14.23   55.40
  1902   14.04   46.68
  1903   14.08   54.46
  1904   14.06   57.63
  1905   14.08   51.90
  1906   14.00   54.96
  1907   14.73   54.18
  1908   15.31   56.09
  1909   14.82   56.90
  1910   15.67   65.32
  1911   15.90   66.13
  1912   15.84   60.48
  1913   16.11   67.76
  1914   16.36   68.25
  1915   16.37   63.62
  1916   15.74   63.77
  1917   15.36   57.21
  1918   15.08   58.44
  1919   15.27   64.86
  1920   15.17   55.09
  1921   15.23   63.64
  1922   14.71   56.69
  1923   15.17   60.34
  1924   14.65   53.50
  1925   15.18   59.17
  1926   15.17   61.59
  1927   15.10   61.26
  1928   14.87   56.95
  1929   14.71   54.96
  1930   14.75   57.81
  1931   14.47   54.08
  1932   14.85   56.09
  1933   14.55   52.49
  1934   14.69   59.65
  1935   14.55   48.57
  1936   15.02   54.95
  1937   15.44   58.04
  1938   14.93   64.99
  1939   15.22   57.67
  1940   15.18   60.25
  1941   15.89   59.89
  1942   16.09   63.34
  1943   15.63   69.92
  1944   15.05   56.35
  1945   14.65   51.44
  1946   15.08   62.32
  1947   15.05   59.29
  1948   15.15   56.15
  1949   15.22   60.44
  1950   15.43   59.61
  1951   15.17   61.36
  1952   15.30   51.57
  1953   14.89   59.28
  1954   15.04   49.89
  1955   14.83   50.42
  1956   16.06   69.14
  1957   15.15   65.89
  1958   15.29   56.86
  1959   15.23   61.37
  1960   14.68   62.20
  1961   14.52   56.34
  1962   14.43   61.06
  1963   14.81   55.02
  1964   14.73   57.03
  1965   14.81   53.02
  1966   14.81   57.96
  1967   15.08   54.01
  1968   14.91   54.13
  1969   14.99   55.11
  1970   15.07   48.37
  1971   15.36   50.24
  1972   15.61   52.83
  1973   15.18   56.47
  1974   15.17   57.75
  1975   14.77   53.25
  1976   15.14   56.69
  1977   15.01   55.46
  1978   15.30   54.51
  1979   16.17   65.13
  1980   15.28   49.92
  1981   16.19   53.58
  1982   16.39   60.16
  1983   16.67   65.72
  1984   16.60   54.77
  1985   17.11   54.81
  1986   17.90   62.04
  1987   16.96   59.98
  1988   17.35   67.91
  1989   16.96   64.21
  1990   17.32   65.25
  1991   17.67   61.80
  1992   17.05   63.63
  1993   16.32   52.22
  1994   17.03   55.96
  1995   17.64   69.69
  1996   17.88   60.61
  1997   18.37   61.46
  1998   18.59   67.49
  1999   17.74   66.14
  2000   17.06   63.74
  2001   16.83   57.40
  2002   16.70   53.84
  2003   15.66   54.87
  2004   15.57   52.84
  2005   14.87   49.93
  2006   15.73   55.47
  2007   16.52   51.15
  2008   16.84   51.26
  2009   17.08   54.53
  2010   16.99   63.35
  2011   16.02   51.60
  2012   15.97   55.72
  2013   15.92   57.89
  2014   15.41   62.76
  2015   16.50   53.34
  2016   18.34   55.21
  2017   19.96   72.00
  2018   19.30   62.60
  2019   17.99   59.05
  2020   19.53   62.55
  2021   18.53   60.33
  2022   17.53   65.63
  2023   17.23   52.47
  2024   18.21   67.93
  2025   17.72   59.79
  2026   18.18   63.18
  2027   18.14   60.64
  2028   17.98   60.16
  2029   19.31   66.68
  2030   18.95   65.35
  2031   20.06   74.41
  2032   19.28   73.13
  2033   20.27   72.24
  2034   18.72   59.14
  2035   18.92   60.69
  2036   18.59   62.55
  2037   20.34   72.71
  2038   19.46   64.15
  2039   18.21   57.87
  2040   18.51   64.16
  2041   20.09   70.47
  2042   17.71   63.36
  2043   17.12   56.39
  2044   18.08   63.71
  2045   17.72   65.14
  2046   16.69   59.23
  2047   17.37   59.03
  2048   19.21   74.30
  2049   19.71   70.28
  2050   19.90   72.56
  2051   20.41   66.40
  2052   20.57   70.40
  2053   19.73   67.18
  2054   18.96   64.84
  2055   19.73   65.65
  2056   18.61   59.98
  2057   17.88   62.89
  2058   18.99   63.18
  2059   18.01   57.96
  2060   18.45   61.56
  2061   19.45   68.23
  2062   18.00   59.77
  2063   17.91   60.20
  2064   18.35   60.92
  2065   17.82   54.49
  2066   18.21   58.71
