     1   18.52   76.40
     2   20.07   72.61
     3   20.35   73.09
     4   20.39   84.44
     5   19.50   68.51
     6   21.55   81.16
     7   24.75   93.93
     8   25.46   96.09
     9   25.34   84.94
    10   25.29   93.36
    11   24.45   84.67
    12   22.97   75.30
    13   25.24   86.96
    14   27.14   88.67
    15   26.37   93.77
    16   24.59   85.76
    17   23.22   87.12
    18   26.16   86.37
    19   25.72   83.61
    20   25.70   88.11
    21   25.71   76.72
    22   24.48   80.73
    23   23.02   74.95
    24   23.11   76.96
    25   25.54   83.81
    26   23.66   72.96
    27   23.46   79.22
    28   24.09   79.45
    29   24.08   85.83
    30   23.14   73.13
    31   22.93   78.99
    32   21.58   62.87
    33   22.97   78.65
    34   23.64   76.64
    35   26.16   83.53
    36   26.36   84.10
    37   25.31   76.16
    38   24.02   76.60
    39   25.53   81.89
    40   25.15   79.50
    41   25.14   80.20
    42   24.70   80.83
    43   24.10   77.30
    44   23.81   86.57
    45   22.59   79.39
    46   22.19   79.79
    47   23.29   80.27
    48   21.10   74.28
    49   21.56   68.65
    50   21.99   77.03
    51   23.46   75.62
    52   25.59   75.80
    53   25.95   82.43
    54   28.17   87.54
    55   28.49   86.92
    56   28.82   93.14
    57   28.25   90.75
    58   29.35   90.34
    59   30.91   88.12
    60   29.59   96.32
    61   29.65   95.59
    62   32.20  103.80
    63   29.01  103.10
    64   27.76   84.77
    65   29.05  104.30
    66   29.21   95.01
    67   25.47   84.59
    68   25.91   90.43
    69   25.84   82.43
    70   27.56   87.29
    71   26.50   82.73
    72   27.31   92.02
    73   27.04   87.32
    74   27.48  101.40
    75   26.18   85.78
    76   26.02   90.17
    77   26.72   86.22
    78   25.39   75.35
    79   25.94   76.57
    80   28.61   89.29
    81   29.76   89.59
    82   28.25   90.19
    83   31.84  102.60
    84   31.41   98.33
    85   31.98   93.91
    86   28.83   97.46
    87   29.36   91.36
    88   30.60   91.00
    89   29.30   94.50
    90   29.84   96.78
    91   32.23  105.60
    92   32.45  110.70
    93   33.70   99.61
    94   31.62  100.30
    95   29.76   87.04
    96   34.72  102.60
    97   33.33  107.10
    98   30.97   99.65
    99   33.19   98.87
   100   31.22   97.05
   101   33.24  110.20
   102   32.56  102.10
   103   34.68  103.20
   104   35.97  104.40
   105   36.10  110.20
   106   34.74  114.20
   107   30.53  102.50
   108   27.71   91.41
   109   30.35   95.50
   110   29.03   94.09
   111   27.70  101.70
   112   27.70   94.96
   113   28.37   93.44
   114   28.72   92.40
   115   31.19   93.90
   116   35.43  110.30
   117   32.21  103.20
   118   29.15   93.57
   119   28.88   88.40
   120   28.66   89.24
   121   29.68   83.58
   122   30.35   87.56
   123   29.33   89.03
   124   30.60   90.80
   125   32.23   89.83
   126   31.35   95.13
   127   32.40   97.55
   128   33.03  105.40
   129   33.22   97.31
   130   33.19  107.30
   131   33.53  107.60
   132   34.61  107.50
   133   32.78   99.96
   134   34.76  110.40
   135   34.28  110.20
   136   32.95  107.00
   137   33.23  106.10
   138   33.89  102.60
   139   33.24  101.20
   140   31.83   97.10
   141   28.78   92.10
   142   29.36   95.15
   143   29.01   95.28
   144   28.34   93.00
   145   29.08   90.33
   146   31.22   95.25
   147   30.51   92.54
   148   31.05   95.85
   149   30.10   99.95
   150   32.10   94.48
   151   32.99  100.20
   152   33.36   97.40
   153   30.81   93.69
   154   30.38   91.38
   155   30.24  101.80
   156   30.11   95.85
   157   29.72   94.34
   158   30.40   96.50
   159   27.77   94.81
   160   30.09  100.70
   161   29.67   93.13
   162   31.74  109.10
   163   29.63  101.60
   164   31.64  117.70
   165   28.94  109.00
   166   28.51   97.26
   167   25.42   91.04
   168   25.64   86.68
   169   24.12   77.38
   170   23.49   76.31
   171   26.86   78.09
   172   26.36   88.22
   173   25.88   80.68
   174   24.63   79.14
   175   26.67   78.62
   176   25.39   77.08
   177   27.14   87.67
   178   28.93   85.59
   179   27.44   92.01
   180   28.07   88.79
   181   25.82   81.29
   182   25.46   76.32
   183   26.18   81.11
   184   24.22   71.43
   185   24.60   85.49
   186   24.72   78.82
   187   25.71   81.06
   188   27.37   89.09
   189   26.17   83.74
   190   25.05   93.22
   191   23.03   83.45
   192   25.21   92.60
   193   24.89   97.17
   194   22.66   78.29
   195   24.45   88.85
   196   22.90   77.12
   197   23.67   83.80
   198   22.74   78.12
   199   22.21   71.94
   200   24.03   76.18
   201   22.44   83.85
   202   23.93   88.16
   203   26.20   88.44
   204   25.12   81.45
   205   27.18   90.53
   206   28.02   95.27
   207   29.23   97.56
   208   30.05   98.22
   209   30.06   97.39
   210   29.06   93.60
   211   29.51   95.68
   212   28.09   90.24
   213   29.13   95.08
   214   26.36   81.72
   215   27.75   86.96
   216   27.06   85.95
   217   25.97   89.00
   218   29.40   93.44
   219   30.64   95.93
   220   32.23   99.87
   221   35.10   99.06
   222   35.51  106.60
   223   36.70  100.30
   224   31.65  102.60
   225   28.46   87.82
   226   31.05   94.37
   227   31.28  101.90
   228   30.72   91.20
   229   30.35   93.28
   230   30.90   92.31
   231   31.52   97.93
   232   30.82  100.60
   233   33.37   97.99
   234   32.17   96.50
   235   32.34   96.45
   236   30.43   90.75
   237   28.59   85.96
   238   27.86   84.92
   239   28.04   88.54
   240   29.21   87.25
   241   32.27  105.50
   242   35.69  107.60
   243   34.68  101.30
   244   34.28  101.40
   245   35.22  102.70
   246   33.77   98.82
   247   30.78   96.59
   248   30.33   92.49
   249   28.92   98.92
   250   30.68   88.99
   251   29.89   87.36
   252   29.04   89.06
   253   29.17   89.80
   254   28.45   90.36
   255   28.05   91.52
   256   27.43   89.19
   257   27.75   98.63
   258   28.35   96.66
   259   26.74   94.98
   260   29.57   92.95
   261   29.27   85.72
   262   28.95   90.42
   263   30.02   88.63
   264   30.93   88.53
   265   29.99   95.08
   266   27.68   91.63
   267   28.70   86.86
   268   28.21   91.90
   269   30.70   97.03
   270   32.72   99.43
   271   32.04  101.80
   272   30.49   94.91
   273   30.12   95.18
   274   31.28   97.83
   275   32.86  101.90
   276   32.37  110.70
   277   33.18  106.30
   278   31.43  100.30
   279   30.20  102.70
   280   27.79   98.71
   281   26.47   86.10
   282   25.02   81.99
   283   28.65   93.64
   284   29.60   87.91
   285   29.03   84.81
   286   29.33   91.78
   287   30.99   98.15
   288   31.10   91.78
   289   33.26   98.53
   290   34.78  112.40
   291   35.18  107.50
   292   33.15  112.50
   293   33.88  123.50
   294   38.68  132.70
   295   39.65  136.30
   296   38.08  139.00
   297   34.97  117.00
   298   34.61  118.00
   299   35.45  127.00
   300   35.91  124.80
   301   37.09  127.80
   302   38.01  131.50
   303   37.49  138.90
   304   36.36  129.80
   305   36.66  122.40
   306   34.99  111.20
   307   35.64  107.20
   308   36.83  103.60
   309   36.39  104.20
   310   36.08  109.90
   311   37.72  100.20
   312   36.69  100.20
   313   36.32  104.50
   314   34.52  106.30
   315   30.86  106.10
   316   30.53  103.70
   317   26.61   96.32
   318   27.95   88.84
   319   28.54   89.76
   320   29.79   94.72
   321   30.02   91.71
   322   28.52   93.95
   323   30.59   90.74
   324   27.94   94.22
   325   26.33   87.47
   326   26.91   79.61
   327   28.20   83.64
   328   29.24   82.40
   329   27.28   87.61
   330   27.30   76.02
   331   26.26   76.99
   332   28.25   85.52
   333   26.60   82.27
   334   26.90   81.04
   335   29.68   86.08
   336   29.93   92.49
   337   28.68   87.33
   338   26.64   83.92
   339   28.90   95.77
   340   28.05   92.08
   341   29.38   84.78
   342   27.63   78.22
   343   27.83   86.47
   344   28.88   91.52
   345   29.08   90.09
   346   26.61   84.20
   347   29.79   91.93
   348   28.57   99.54
   349   27.77   87.10
   350   29.49   99.89
   351   29.18   97.84
   352   28.76   90.75
   353   30.50   91.54
   354   29.78   84.65
   355   30.47   92.64
   356   30.96   87.35
   357   29.64   85.84
   358   29.01   87.14
   359   27.65   82.75
   360   31.57   97.86
   361   31.52   90.93
   362   30.32   90.57
   363   32.15   89.02
   364   30.99  101.40
   365   29.04  101.90
   366   27.67   87.53
   367   28.66   80.65
   368   26.48   78.97
   369   25.73   77.94
   370   26.35   77.36
   371   27.61   81.86
   372   27.39   79.65
   373   28.38   85.68
   374   31.36   93.15
   375   33.84   97.40
   376   32.29   97.33
   377   30.31   94.03
   378   30.13   90.50
   379   31.35   92.92
   380   29.70   86.29
   381   27.48   85.43
   382   25.58   80.91
   383   28.70   87.55
   384   30.06   95.23
   385   28.36   84.89
   386   25.96   80.59
   387   25.99   82.48
   388   25.75   80.60
   389   25.71   83.56
   390   24.58   82.14
   391   27.22   85.37
   392   25.89   79.19
   393   27.11   78.80
   394   24.77   76.57
   395   26.52   78.41
   396   22.70   70.33
   397   27.32   85.15
   398   25.90   79.81
   399   28.74   89.07
   400   25.75   74.66
   401   29.25   89.03
   402   29.59   88.90
   403   28.46   90.11
   404   29.51   87.81
   405   31.73   96.17
   406   34.13   98.75
   407   37.19  104.70
   408   36.02  105.00
   409   39.11  113.00
   410   37.37  112.50
   411   33.70   98.69
   412   29.40   86.28
   413   28.83   90.82
   414   29.70   91.63
   415   29.76   86.68
   416   31.30   90.84
   417   27.63   89.43
   418   24.80   78.95
   419   25.41   80.50
   420   26.83   79.49
   421   27.19   79.47
   422   25.58   70.10
   423   26.79   78.53
   424   26.47   83.51
   425   27.14   77.79
   426   26.48   84.27
   427   24.28   75.04
   428   26.82   81.96
   429   28.69   87.25
   430   29.03   83.32
   431   27.32   80.00
   432   26.85   84.72
   433   29.66   88.28
   434   30.29   93.48
   435   33.40  102.00
   436   35.64  108.60
   437   35.33  107.30
   438   36.94  116.40
   439   38.71  115.90
   440   40.73  127.10
   441   38.63  117.20
   442   42.91  128.00
   443   38.19  111.70
   444   37.85  108.50
   445   39.30  114.90
   446   38.62  115.10
   447   38.10  119.20
   448   36.33  113.30
   449   35.95  111.40
   450   36.49  109.90
   451   34.45  105.50
   452   36.37  111.60
   453   34.25  102.20
   454   33.61  102.10
   455   28.00   86.33
   456   25.47   88.51
   457   27.45   90.62
   458   28.17   94.82
   459   31.81   97.83
   460   29.47   96.01
   461   29.47   91.45
   462   30.47   92.35
   463   29.76   94.99
   464   30.32   97.31
   465   27.16   87.79
   466   24.28   81.09
   467   24.08   78.80
   468   25.32   83.04
   469   25.39   80.52
   470   25.60   79.20
   471   25.04   81.90
   472   23.22   78.81
   473   22.80   73.79
   474   22.54   68.37
   475   25.17   77.45
   476   26.94   85.06
   477   24.00   71.02
   478   21.79   65.34
   479   19.74   65.51
   480   19.82   70.78
   481   18.83   66.74
   482   20.67   70.52
   483   21.83   71.86
   484   20.23   71.54
   485   20.04   74.60
   486   20.60   64.17
   487   19.63   74.04
   488   18.65   61.12
   489   21.44   64.75
   490   22.90   77.96
   491   22.74   72.42
   492   22.18   75.65
   493   23.34   76.45
   494   25.14   78.07
   495   23.92   82.10
   496   26.69   89.85
   497   26.14   85.47
   498   28.04   86.42
   499   30.69   91.02
   500   28.96   93.06
   501   28.52   85.62
   502   30.35   93.91
   503   27.86   87.82
   504   25.72   81.12
   505   25.97   78.72
   506   23.63   72.24
   507   20.17   59.04
   508   19.14   59.85
   509   21.00   65.95
   510   20.09   61.27
   511   17.88   65.70
   512   19.68   61.81
   513   18.80   67.58
   514   17.47   59.55
   515   19.76   64.68
   516   19.12   60.63
   517   18.19   66.01
   518   18.14   66.59
   519   20.27   67.52
   520   19.64   64.47
   521   19.61   63.11
   522   18.74   65.05
   523   19.14   64.76
   524   19.45   70.66
   525   18.49   62.39
   526   18.11   64.80
   527   18.00   58.94
   528   17.52   59.24
   529   17.77   63.93
   530   17.06   61.14
   531   16.82   61.91
   532   17.30   63.21
   533   16.52   61.63
   534   16.91   57.44
   535   16.96   62.90
   536   16.53   61.01
   537   16.75   59.93
   538   17.66   74.56
   539   17.93   68.74
   540   17.22   63.44
   541   17.42   58.43
   542   17.53   68.71
   543   17.64   70.72
   544   17.29   66.30
   545   17.42   64.64
   546   17.31   57.01
   547   17.63   65.96
   548   17.38   68.98
   549   17.97   65.82
   550   17.55   59.95
   551   18.03   72.66
   552   18.97   66.14
   553   19.04   63.56
   554   17.74   65.04
   555   17.62   67.28
   556   16.80   62.85
   557   17.20   56.26
   558   18.92   59.78
   559   19.67   65.70
   560   18.53   60.25
   561   18.65   70.15
   562   19.03   74.28
   563   18.61   67.25
   564   18.09   65.75
   565   17.88   62.24
   566   18.50   65.95
   567   17.92   69.15
   568   18.33   69.87
   569   18.58   75.10
   570   18.21   66.41
   571   18.39   71.71
   572   17.98   67.65
   573   17.96   67.10
   574   17.81   69.11
   575   17.48   66.48
   576   17.86   67.97
   577   17.73   68.70
   578   18.57   68.42
   579   18.14   65.79
   580   17.51   59.84
   581   17.98   63.73
   582   17.52   60.18
   583   17.18   58.66
   584   17.43   57.89
   585   17.47   58.39
   586   16.96   58.41
   587   17.39   58.37
   588   17.69   58.73
   589   17.35   64.61
   590   17.65   66.47
   591   16.50   57.78
   592   16.78   55.03
   593   17.43   62.65
   594   18.04   58.74
   595   18.55   60.53
   596   18.17   59.54
   597   18.28   63.98
   598   18.62   61.41
   599   18.31   62.47
   600   17.59   56.98
   601   17.76   62.29
   602   17.64   63.91
   603   17.16   59.72
   604   16.77   66.35
   605   16.79   63.14
   606   17.25   61.37
   607   16.76   60.86
   608   17.45   62.22
   609   17.84   56.01
   610   17.43   52.82
   611   17.55   54.13
   612   18.79   62.20
   613   19.28   64.99
   614   18.81   63.42
   615   18.44   68.11
   616   17.79   69.59
   617   17.67   61.09
   618   17.91   62.59
   619   17.77   68.07
   620   16.90   64.35
   621   17.46   59.81
   622   17.18   60.24
   623   16.88   59.35
   624   16.90   61.37
   625   16.61   55.83
   626   16.88   61.33
   627   16.53   58.33
   628   16.74   59.56
   629   16.67   60.81
   630   16.29   52.34
   631   16.51   57.94
   632   16.40   59.02
   633   16.27   59.81
   634   16.37   60.44
   635   16.55   59.83
   636   16.72   58.88
   637   16.26   62.28
   638   16.53   64.41
   639   16.37   62.03
   640   15.92   53.87
   641   16.18   54.83
   642   16.30   58.75
   643   16.52   58.97
   644   16.50   60.01
   645   16.58   60.99
   646   16.26   55.60
   647   16.36   58.01
   648   16.38   59.01
   649   15.93   55.46
   650   16.21   61.42
   651   16.17   57.77
   652   16.55   58.54
   653   16.46   57.85
   654   16.74   64.46
   655   16.40   57.45
   656   16.13   59.63
   657   16.15   60.01
   658   16.12   52.52
   659   16.03   53.09
   660   15.75   56.25
   661   16.14   53.48
   662   15.75   51.43
   663   15.86   51.60
   664   15.39   55.92
   665   15.34   54.72
   666   15.38   51.08
   667   15.69   53.08
   668   15.37   50.67
   669   15.49   50.14
   670   15.50   51.36
   671   15.55   54.93
   672   15.01   51.60
   673   15.22   52.49
   674   15.28   53.00
   675   15.33   52.06
   676   15.44   53.51
   677   15.23   51.85
   678   15.76   54.44
   679   16.02   61.44
   680   15.87   53.76
   681   16.03   55.34
   682   16.26   55.38
   683   15.45   50.89
   684   15.46   50.15
   685   15.75   49.52
   686   15.63   52.33
   687   16.63   52.32
   688   16.72   60.87
   689   16.09   52.90
   690   16.13   51.68
   691   15.93   56.72
   692   16.01   58.98
   693   16.09   59.16
   694   15.95   56.01
   695   16.00   55.30
   696   16.09   50.00
   697   16.24   54.18
   698   16.04   53.63
   699   15.90   53.20
   700   16.27   52.54
   701   16.22   58.01
   702   16.34   57.44
   703   16.36   55.48
   704   16.48   52.57
   705   16.36   56.27
   706   16.76   62.76
   707   16.40   55.11
   708   16.55   56.82
   709   16.87   58.49
   710   16.65   62.01
   711   16.92   57.27
   712   17.07   59.75
   713   16.45   61.23
   714   16.45   53.75
   715   16.64   61.00
   716   16.68   51.22
   717   16.28   57.46
   718   16.66   53.47
   719   17.08   60.46
   720   17.05   63.54
   721   16.98   57.26
   722   16.42   65.11
   723   16.53   60.58
   724   15.95   59.61
   725   16.13   56.65
   726   17.08   59.34
   727   17.31   67.58
   728   16.92   61.25
   729   16.83   60.67
   730   17.23   67.90
   731   16.57   63.41
   732   17.05   64.36
   733   16.39   66.15
   734   16.24   59.16
   735   16.18   63.64
   736   15.53   55.73
   737   15.55   52.56
   738   15.47   60.52
   739   15.50   54.45
   740   15.35   55.12
   741   15.38   58.80
   742   15.17   49.06
   743   15.24   58.26
   744   15.51   55.55
   745   15.80   50.82
   746   15.90   61.55
   747   16.35   60.61
   748   15.98   54.61
   749   16.33   65.60
   750   16.83   59.52
   751   17.65   67.36
   752   16.83   59.98
   753   17.59   63.30
   754   16.70   60.72
   755   16.52   59.81
   756   16.33   57.10
   757   16.23   57.28
   758   16.30   54.31
   759   16.02   51.80
   760   16.27   55.13
   761   16.38   55.19
   762   17.13   63.09
   763   16.72   57.52
   764   16.63   56.95
   765   16.53   53.80
   766   16.73   54.78
   767   16.58   57.02
   768   16.76   54.53
   769   16.72   53.39
   770   16.03   57.44
   771   15.92   53.40
   772   16.02   55.96
   773   16.55   54.55
   774   17.08   64.27
   775   16.43   57.64
   776   16.82   59.86
   777   16.69   59.14
   778   16.97   59.61
   779   16.40   51.23
   780   16.43   54.71
   781   16.82   63.20
   782   16.79   59.46
   783   16.43   57.41
   784   17.34   65.52
   785   16.32   61.28
   786   17.06   60.01
   787   16.82   59.43
   788   16.95   60.61
   789   16.84   58.03
   790   17.28   61.24
   791   17.19   64.34
   792   16.79   58.17
   793   16.60   59.77
   794   16.87   59.84
   795   16.98   61.08
   796   17.30   59.06
   797   17.60   64.72
   798   17.84   62.94
   799   17.92   63.59
   800   18.16   59.29
   801   17.24   60.73
   802   16.62   61.66
   803   16.65   59.29
   804   16.97   56.64
   805   17.03   64.74
   806   16.75   59.46
   807   17.14   60.81
   808   17.16   61.41
   809   18.16   67.59
   810   17.71   62.85
   811   17.56   66.94
   812   17.07   58.83
   813   17.83   65.15
   814   17.53   60.95
   815   17.01   58.75
   816   17.30   70.19
   817   16.84   55.57
   818   17.49   68.69
   819   17.23   58.93
   820   17.53   63.61
   821   16.43   60.38
   822   17.10   63.55
   823   17.61   62.11
   824   18.06   70.69
   825   18.60   69.75
   826   18.49   67.58
   827   18.55   67.26
   828   18.01   68.94
   829   17.70   61.39
   830   18.74   74.81
   831   17.48   66.58
   832   17.04   71.33
   833   17.34   62.48
   834   17.09   65.90
   835   16.59   64.23
   836   16.56   67.78
   837   16.49   61.04
   838   16.90   66.43
   839   16.62   64.10
   840   16.52   66.47
   841   16.93   67.64
   842   16.74   68.39
   843   16.58   60.01
   844   17.21   67.08
   845   17.54   63.31
   846   17.66   62.94
   847   17.35   60.91
   848   16.48   64.60
   849   16.72   58.52
   850   16.54   54.65
   851   16.32   57.91
   852   16.02   51.62
   853   17.01   56.63
   854   16.58   52.22
   855   16.33   58.08
   856   16.35   56.44
   857   15.87   50.94
   858   16.42   56.05
   859   16.59   54.55
   860   16.87   61.99
   861   16.37   56.53
   862   16.48   55.75
   863   16.40   65.22
   864   17.41   64.08
   865   16.84   59.85
   866   16.59   64.95
   867   16.37   57.84
   868   16.70   61.80
   869   16.33   57.33
   870   16.63   56.37
   871   16.64   60.88
   872   15.62   59.60
   873   15.82   52.79
   874   16.29   54.30
   875   16.38   59.06
   876   16.30   55.93
   877   16.68   62.80
   878   17.16   61.62
   879   17.51   63.58
   880   17.29   58.39
   881   17.99   63.14
   882   17.36   70.77
   883   17.11   64.25
   884   16.46   62.13
   885   17.41   68.58
   886   17.06   65.78
   887   16.89   65.13
   888   17.14   66.02
   889   16.62   56.06
   890   16.12   61.10
   891   16.11   68.95
   892   15.85   62.36
   893   16.10   61.36
   894   16.00   60.61
   895   15.93   65.14
   896   15.76   59.72
   897   15.88   57.61
   898   16.08   62.77
   899   15.94   57.16
   900   16.27   54.00
   901   16.29   55.67
   902   16.22   62.16
   903   15.90   59.70
   904   16.21   56.18
   905   15.91   57.04
   906   16.14   52.80
   907   16.14   72.63
   908   16.00   53.38
   909   16.19   61.88
   910   15.99   61.57
   911   16.14   61.16
   912   16.31   56.40
   913   16.19   61.23
   914   15.94   58.35
   915   15.70   58.31
   916   15.85   55.22
   917   15.55   62.21
   918   15.57   56.77
   919   16.11   60.48
   920   16.09   53.88
   921   16.08   53.90
   922   16.04   62.01
   923   15.75   54.89
   924   16.14   59.66
   925   15.91   61.24
   926   15.94   52.50
   927   16.06   59.75
   928   16.20   57.20
   929   15.99   55.77
   930   15.96   53.14
   931   16.02   55.70
   932   16.18   59.86
   933   16.06   51.23
   934   16.03   61.94
   935   16.41   59.73
   936   16.70   66.51
   937   17.49   63.72
   938   17.18   60.11
   939   16.51   65.27
   940   16.78   61.85
   941   16.53   53.61
   942   16.58   66.71
   943   16.56   57.91
   944   16.56   57.26
   945   16.40   56.02
   946   16.55   52.89
   947   16.81   60.51
   948   17.19   62.38
   949   17.50   68.67
   950   17.03   59.44
   951   17.67   71.73
   952   17.25   69.75
   953   17.01   62.74
   954   17.14   60.31
   955   16.86   61.29
   956   17.10   57.20
   957   17.17   57.29
   958   17.36   61.53
   959   16.87   54.79
   960   16.77   58.83
   961   17.32   65.38
   962   17.72   63.32
   963   17.08   58.24
   964   17.39   61.96
   965   16.91   58.58
   966   17.35   58.85
   967   17.37   66.93
   968   17.55   71.68
   969   17.35   63.90
   970   17.51   63.98
   971   17.78   70.02
   972   17.43   68.17
   973   17.52   66.89
   974   17.56   71.12
   975   17.37   65.48
   976   17.18   61.80
   977   17.28   64.27
   978   17.86   68.58
   979   17.48   65.26
   980   17.78   68.10
   981   17.75   68.54
   982   17.59   71.49
   983   17.56   63.25
   984   17.47   70.34
   985   17.68   65.07
   986   17.59   65.97
   987   17.26   65.46
   988   17.30   63.43
   989   17.70   64.83
   990   17.29   66.04
   991   17.48   66.72
   992   17.05   61.48
   993   17.01   67.97
   994   17.63   72.95
   995   17.72   73.74
   996   17.28   65.63
   997   17.12   68.56
   998   17.63   66.49
   999   17.42   64.55
  1000   16.92   57.35
  1001   17.07   55.17
  1002   16.52   63.53
  1003   16.53   61.99
  1004   16.70   59.23
  1005   16.86   62.83
  1006   17.09   63.13
  1007   17.06   58.00
  1008   17.36   63.76
  1009   17.01   54.09
  1010   17.05   57.17
  1011   17.06   70.30
  1012   17.23   61.76
  1013   17.34   64.03
  1014   16.59   55.44
  1015   16.91   59.95
  1016   17.20   59.67
  1017   17.11   57.96
  1018   16.78   52.74
  1019   16.74   54.06
  1020   16.23   57.18
  1021   16.51   61.41
  1022   16.71   57.19
  1023   16.56   65.76
  1024   16.85   58.21
  1025   16.19   55.95
  1026   16.44   54.91
  1027   16.39   58.48
  1028   16.58   56.25
  1029   16.41   53.54
  1030   16.43   56.40
  1031   16.43   50.48
  1032   16.20   58.11
  1033   15.64   56.62
  1034   16.08   54.20
  1035   15.88   53.88
  1036   16.07   53.05
  1037   15.83   49.84
  1038   15.93   55.13
  1039   16.51   54.09
  1040   16.44   53.55
  1041   17.05   63.52
  1042   17.07   66.24
  1043   16.57   61.46
  1044   16.51   64.24
  1045   16.64   54.53
  1046   17.39   71.26
  1047   16.54   62.81
  1048   16.20   59.32
  1049   17.11   63.60
  1050   16.42   63.29
  1051   16.35   59.05
  1052   17.00   65.70
  1053   16.77   55.49
  1054   16.89   61.78
  1055   16.61   56.74
  1056   16.44   56.56
  1057   16.61   59.07
  1058   16.83   64.59
  1059   16.23   60.34
  1060   16.51   57.99
  1061   16.69   60.13
  1062   16.78   57.68
  1063   16.42   51.85
  1064   16.38   65.57
  1065   15.54   51.38
  1066   15.81   55.92
  1067   15.60   52.35
  1068   15.31   52.52
  1069   15.38   58.66
  1070   15.20   57.73
  1071   15.67   55.77
  1072   15.34   59.86
  1073   15.59   55.33
  1074   15.54   58.11
  1075   15.77   61.71
  1076   15.84   54.46
  1077   15.84   63.24
  1078   15.96   62.94
  1079   15.41   55.89
  1080   15.09   50.68
  1081   15.33   54.35
  1082   15.22   50.50
  1083   15.24   50.46
  1084   15.26   48.34
  1085   15.15   47.92
  1086   15.47   57.78
  1087   15.58   47.82
  1088   15.58   55.14
  1089   15.43   53.33
  1090   15.33   54.69
  1091   15.35   57.72
  1092   15.94   54.33
  1093   15.68   56.22
  1094   15.76   57.31
  1095   15.48   54.60
  1096   15.50   55.75
  1097   15.40   57.03
  1098   15.27   55.41
  1099   15.33   50.90
  1100   15.29   52.53
  1101   15.19   55.96
  1102   15.15   51.51
  1103   14.95   52.32
  1104   15.25   54.13
  1105   15.14   50.12
  1106   14.97   56.08
  1107   15.34   49.88
  1108   15.06   51.66
  1109   14.97   48.56
  1110   14.83   52.01
  1111   14.76   51.26
  1112   14.78   51.38
  1113   15.15   50.82
  1114   15.04   52.94
  1115   15.23   49.55
  1116   15.11   53.36
  1117   14.94   54.32
  1118   15.02   50.43
  1119   14.96   54.28
  1120   14.89   52.64
  1121   14.84   51.66
  1122   15.00   50.95
  1123   15.16   56.47
  1124   15.29   54.16
  1125   15.39   53.44
  1126   15.19   54.08
  1127   15.25   52.30
  1128   15.15   50.30
  1129   15.21   55.34
  1130   14.95   50.97
  1131   14.98   53.66
  1132   15.38   57.80
  1133   15.46   58.93
  1134   15.32   54.11
  1135   14.97   49.34
  1136   15.16   57.01
  1137   15.05   56.59
  1138   15.08   53.20
  1139   15.16   56.53
  1140   15.42   53.37
  1141   14.93   49.71
  1142   15.28   56.95
  1143   15.47   54.51
  1144   14.94   52.99
  1145   15.14   52.08
  1146   15.15   58.73
  1147   15.14   48.54
  1148   14.87   50.86
  1149   15.17   59.04
  1150   14.92   58.96
  1151   15.10   53.37
  1152   14.97   52.55
  1153   14.88   49.35
  1154   15.02   54.59
  1155   15.06   50.61
  1156   15.28   57.61
  1157   15.01   57.11
  1158   15.12   57.75
  1159   15.10   48.94
  1160   15.08   57.43
  1161   14.94   53.95
  1162   14.98   55.67
  1163   15.11   60.08
  1164   15.00   51.67
  1165   14.93   50.60
  1166   14.82   52.04
  1167   15.03   51.76
  1168   14.99   56.67
  1169   14.91   56.47
  1170   14.88   52.40
  1171   14.96   57.30
  1172   14.89   52.60
  1173   15.00   52.92
  1174   14.87   58.28
  1175   15.22   53.94
  1176   14.91   50.37
  1177   15.12   49.61
  1178   15.13   57.87
  1179   14.86   50.45
  1180   15.14   59.42
  1181   14.83   57.65
  1182   14.80   51.88
  1183   15.01   51.75
  1184   15.18   52.21
  1185   14.88   49.59
  1186   15.03   55.99
  1187   14.97   55.20
  1188   15.10   49.48
  1189   15.04   47.13
  1190   15.15   52.57
  1191   15.06   54.68
  1192   15.10   49.52
  1193   14.78   50.73
  1194   14.98   53.76
  1195   14.67   53.32
  1196   14.88   54.00
  1197   14.74   53.50
  1198   15.10   51.09
  1199   15.11   53.87
  1200   15.10   50.54
  1201   14.91   54.92
  1202   15.09   52.88
  1203   14.62   55.28
  1204   14.62   58.57
  1205   14.78   52.13
  1206   14.98   50.24
  1207   14.96   48.66
  1208   15.14   50.36
  1209   14.76   50.02
  1210   14.78   50.10
  1211   14.75   53.47
  1212   15.03   48.09
  1213   14.93   52.09
  1214   14.88   50.53
  1215   15.07   52.67
  1216   14.95   53.54
  1217   14.65   50.06
  1218   15.02   56.58
  1219   14.69   49.04
  1220   14.79   53.57
  1221   15.07   55.29
  1222   14.79   50.46
  1223   14.87   55.36
  1224   14.98   58.08
  1225   14.90   50.75
  1226   14.78   53.76
  1227   14.94   51.71
  1228   14.99   51.78
  1229   15.09   52.62
  1230   14.95   53.63
  1231   14.87   54.65
  1232   14.78   52.19
  1233   14.70   52.07
  1234   14.93   50.53
  1235   14.61   47.37
  1236   14.81   51.82
  1237   14.80   56.67
  1238   15.29   55.07
  1239   15.06   51.65
  1240   15.32   53.14
  1241   15.03   54.35
  1242   15.00   57.83
  1243   14.78   46.30
  1244   15.05   51.10
  1245   14.80   51.70
  1246   14.96   58.01
  1247   14.96   55.09
  1248   15.15   53.64
  1249   15.01   53.22
  1250   14.86   51.19
  1251   14.68   46.64
  1252   15.08   59.40
  1253   14.99   55.65
  1254   14.93   53.05
  1255   15.26   55.09
  1256   15.09   57.24
  1257   14.94   48.72
  1258   14.84   53.70
  1259   14.69   52.83
  1260   14.73   49.39
  1261   14.87   49.28
  1262   14.89   49.84
  1263   14.86   49.11
  1264   14.97   57.69
  1265   14.89   50.53
  1266   14.99   55.77
  1267   15.27   57.06
  1268   15.21   55.48
  1269   14.75   52.27
  1270   14.70   59.65
  1271   14.84   60.30
  1272   14.81   51.52
  1273   14.71   56.56
  1274   14.88   60.70
  1275   14.99   53.68
  1276   14.92   57.66
  1277   15.13   56.28
  1278   15.39   59.34
  1279   15.42   57.52
  1280   14.71   49.47
  1281   14.91   53.19
  1282   14.99   57.44
  1283   14.89   59.40
  1284   15.65   63.20
  1285   15.05   51.00
  1286   15.22   63.16
  1287   15.32   54.54
  1288   15.06   60.99
  1289   14.85   52.06
  1290   14.95   56.10
  1291   14.81   57.35
  1292   14.52   56.78
  1293   14.76   54.93
  1294   14.79   53.66
  1295   14.81   60.79
  1296   14.81   55.19
  1297   14.98   54.96
  1298   14.96   60.30
  1299   15.01   54.75
  1300   15.48   54.43
  1301   15.44   53.15
  1302   15.22   57.36
  1303   15.07   55.29
  1304   14.76   55.01
  1305   14.95   59.45
  1306   15.01   54.31
  1307   14.77   52.58
  1308   14.71   52.20
  1309   15.10   58.32
  1310   15.41   53.06
  1311   15.61   60.10
  1312   15.34   59.15
  1313   15.11   55.08
  1314   15.14   54.19
  1315   15.19   53.24
  1316   15.16   59.19
  1317   15.32   69.03
  1318   15.27   49.88
  1319   15.06   51.06
  1320   15.23   53.72
  1321   15.38   55.86
  1322   15.14   61.72
  1323   15.42   67.42
  1324   15.23   58.43
  1325   15.30   58.52
  1326   15.48   58.33
  1327   15.05   63.69
  1328   15.12   54.93
  1329   15.26   66.79
  1330   15.18   58.32
  1331   15.26   57.60
  1332   15.35   57.86
  1333   15.31   59.58
  1334   15.50   59.90
  1335   15.42   55.44
  1336   15.13   55.15
  1337   15.16   59.90
  1338   15.30   57.40
  1339   15.28   51.85
  1340   15.22   50.63
  1341   14.88   50.49
  1342   15.35   57.54
  1343   15.31   52.49
  1344   15.42   51.89
  1345   15.38   62.09
  1346   15.51   63.58
  1347   15.25   52.85
  1348   15.35   61.27
  1349   15.39   69.38
  1350   15.33   53.22
  1351   15.48   54.05
  1352   15.14   58.74
  1353   14.99   53.54
  1354   15.10   57.03
  1355   15.18   53.08
  1356   15.38   56.14
  1357   15.71   50.25
  1358   15.63   55.91
  1359   15.65   60.24
  1360   15.83   61.88
  1361   15.60   59.23
  1362   15.63   57.40
  1363   16.14   61.91
  1364   15.92   53.12
  1365   16.36   54.20
  1366   16.55   64.73
  1367   16.87   72.13
  1368   16.84   66.03
  1369   16.36   57.91
  1370   15.93   54.03
  1371   15.09   54.63
  1372   15.08   46.90
  1373   15.43   56.09
  1374   15.13   48.65
  1375   15.32   56.09
  1376   15.18   57.10
  1377   15.24   59.30
  1378   15.33   58.50
  1379   14.93   53.93
  1380   15.10   48.53
  1381   15.17   51.69
  1382   15.20   58.60
  1383   15.32   55.84
  1384   15.45   54.46
  1385   15.39   60.41
  1386   15.41   52.42
  1387   15.86   58.80
  1388   15.67   59.22
  1389   16.09   60.50
  1390   16.09   63.24
  1391   15.80   53.09
  1392   15.98   53.46
  1393   16.58   62.18
  1394   15.76   57.38
  1395   15.89   50.01
  1396   16.42   52.75
  1397   16.14   55.17
  1398   16.17   58.44
  1399   16.01   56.87
  1400   16.14   56.17
  1401   16.37   62.53
  1402   16.07   58.61
  1403   16.12   58.00
  1404   16.70   60.98
  1405   16.77   58.25
  1406   17.52   69.96
  1407   17.05   72.18
  1408   16.47   60.59
  1409   17.08   64.69
  1410   17.15   61.89
  1411   16.68   56.88
  1412   16.57   56.80
  1413   17.10   63.58
  1414   16.81   60.79
  1415   17.18   65.09
  1416   17.10   67.98
  1417   16.61   57.36
  1418   16.24   55.34
  1419   16.11   53.04
  1420   15.80   53.53
  1421   17.07   60.64
  1422   16.06   54.33
  1423   16.00   63.16
  1424   16.07   51.90
  1425   16.87   59.90
  1426   16.27   59.42
  1427   15.85   54.79
  1428   15.92   54.06
  1429   15.84   65.36
  1430   15.78   58.29
  1431   16.34   60.28
  1432   16.05   54.06
  1433   16.32   56.80
  1434   16.62   59.58
  1435   16.30   56.26
  1436   15.97   55.38
  1437   16.08   55.61
  1438   15.96   58.80
  1439   16.02   54.68
  1440   15.94   55.54
  1441   16.15   54.91
  1442   16.25   56.05
  1443   16.24   53.58
  1444   16.58   59.70
  1445   16.37   60.11
  1446   16.49   58.93
  1447   16.16   52.02
  1448   15.69   51.59
  1449   15.72   51.41
  1450   15.78   57.85
  1451   15.33   52.44
  1452   15.32   52.56
  1453   15.54   56.92
  1454   15.44   53.84
  1455   15.39   53.34
  1456   15.31   52.12
  1457   15.56   52.80
  1458   15.16   49.16
  1459   15.56   53.08
  1460   15.91   52.55
  1461   15.68   51.67
  1462   15.89   51.14
  1463   16.06   58.21
  1464   15.90   55.15
  1465   15.79   57.46
  1466   15.67   53.36
  1467   15.92   55.21
  1468   16.15   57.16
  1469   16.21   57.06
  1470   16.46   58.54
  1471   15.99   54.56
  1472   16.14   54.42
  1473   15.90   59.26
  1474   16.20   59.62
  1475   17.05   61.13
  1476   17.66   66.06
  1477   17.76   65.99
  1478   17.75   74.19
  1479   17.41   59.69
  1480   16.98   58.96
  1481   16.15   53.88
  1482   16.85   60.52
  1483   16.61   63.40
  1484   16.49   59.68
  1485   17.02   68.23
  1486   17.17   63.10
  1487   16.75   56.79
  1488   16.59   60.42
  1489   16.74   62.45
  1490   15.95   57.04
  1491   16.63   55.33
  1492   16.64   52.05
  1493   16.84   53.66
  1494   16.68   56.03
  1495   16.88   56.05
  1496   16.94   61.97
  1497   17.23   67.37
  1498   17.43   61.47
  1499   17.51   62.12
  1500   16.95   59.44
  1501   17.03   53.64
  1502   17.16   55.69
  1503   16.80   53.22
  1504   17.69   60.20
  1505   17.28   60.28
  1506   17.62   58.24
  1507   17.63   61.41
  1508   17.44   57.35
  1509   16.70   56.13
  1510   16.44   56.17
  1511   16.68   58.16
  1512   18.26   63.37
  1513   18.02   63.59
  1514   18.58   66.60
  1515   19.07   80.58
  1516   18.79   77.46
  1517   18.95   74.56
  1518   19.49   71.59
  1519   19.50   65.11
  1520   21.93   74.76
  1521   20.97   78.64
  1522   20.73   75.46
  1523   19.89   62.62
  1524   20.63   71.56
  1525   22.25   85.17
  1526   22.64   76.14
  1527   23.28   82.38
  1528   24.33   78.38
  1529   23.47   75.01
  1530   24.79   92.77
  1531   25.22   88.37
  1532   24.64   75.98
  1533   23.66   77.38
  1534   23.93   74.69
  1535   21.34   73.21
  1536   20.39   68.53
  1537   20.58   68.31
  1538   19.96   66.91
  1539   20.83   79.45
  1540   21.72   76.52
  1541   20.95   76.13
  1542   21.00   73.05
  1543   20.26   65.76
  1544   19.65   66.43
  1545   19.55   67.77
  1546   20.07   74.67
  1547   20.11   67.85
  1548   20.56   71.73
  1549   20.43   68.94
  1550   21.79   79.91
  1551   23.51   80.21
  1552   25.26   85.96
  1553   24.31   88.70
  1554   25.96   82.03
  1555   26.01   83.53
  1556   26.74   88.99
  1557   26.27   83.24
  1558   25.09   87.71
  1559   24.99   85.50
  1560   25.40   86.26
  1561   24.26   97.51
  1562   22.84   82.26
  1563   20.54   69.32
  1564   20.21   64.60
  1565   22.05   78.87
  1566   26.80   87.76
  1567   26.51   83.09
  1568   28.80   95.62
  1569   29.74  104.10
  1570   30.53   98.95
  1571   31.31  103.00
  1572   27.03   86.63
  1573   27.71   87.63
  1574   28.18   86.71
  1575   29.04   94.74
  1576   27.90   90.68
  1577   27.93   87.19
  1578   26.96   96.71
  1579   25.18   94.08
  1580   24.45   86.18
  1581   23.96   99.75
  1582   24.73   85.92
  1583   25.91   93.79
  1584   24.69   90.20
  1585   24.70   94.56
  1586   23.29   75.27
  1587   24.21   81.27
  1588   22.70   75.39
  1589   24.77   79.67
  1590   23.38   75.64
  1591   22.94   84.27
  1592   23.87   82.93
  1593   23.11   78.02
  1594   23.83   88.92
  1595   23.26   84.57
  1596   22.96   80.63
  1597   25.85   90.84
  1598   24.09   79.46
  1599   24.02   81.16
  1600   25.10   84.67
  1601   26.23   98.53
  1602   25.31   95.47
  1603   24.60   89.71
  1604   25.66   93.54
  1605   25.07  103.00
  1606   23.33   80.24
  1607   22.17   69.53
  1608   21.50   73.11
  1609   22.29   73.80
  1610   20.80   69.16
  1611   21.75   70.21
  1612   22.10   73.22
  1613   22.64   75.81
  1614   21.41   78.08
  1615   19.74   66.75
  1616   20.34   64.97
  1617   20.74   66.36
  1618   20.35   73.39
  1619   20.91   69.48
  1620   20.55   75.85
  1621   19.88   77.35
  1622   21.15   75.90
  1623   20.97   76.96
  1624   21.04   76.84
  1625   20.26   71.21
  1626   20.49   72.60
  1627   20.61   76.05
  1628   20.62   78.85
  1629   20.56   77.47
  1630   21.75   72.44
  1631   22.41   78.90
  1632   20.44   69.46
  1633   22.50   74.70
  1634   20.83   73.15
  1635   20.59   71.13
  1636   20.02   72.53
  1637   20.46   65.73
  1638   21.51   73.95
  1639   21.23   74.78
  1640   20.88   71.53
  1641   21.18   69.53
  1642   21.67   79.27
  1643   22.87   83.57
  1644   25.61   85.47
  1645   25.04   86.23
  1646   24.22   78.89
  1647   24.72   75.79
  1648   24.39   83.91
  1649   23.62   78.49
  1650   22.77   81.13
  1651   23.99   72.69
  1652   24.67   79.14
  1653   26.12   80.24
  1654   26.86   82.18
  1655   27.00   97.33
  1656   24.84   88.32
  1657   25.30   92.66
  1658   24.41   82.70
  1659   23.30   81.97
  1660   23.23   87.58
  1661   23.25   73.74
  1662   23.59   81.15
  1663   25.01   78.12
  1664   25.29   83.22
  1665   26.24   99.28
  1666   25.46   82.22
  1667   25.65   84.64
  1668   29.40   95.87
  1669   31.40  106.80
  1670   29.41  102.50
  1671   30.19  106.70
  1672   30.54  102.30
  1673   29.02   96.91
  1674   29.67   96.45
  1675   28.65   96.49
  1676   28.34   86.60
  1677   25.89   81.70
  1678   28.03   84.61
  1679   25.70   79.68
  1680   25.68   84.08
  1681   24.90   81.98
  1682   28.15   91.70
  1683   28.62   89.88
  1684   29.80   90.99
  1685   28.88   90.60
  1686   29.59   87.46
  1687   30.32   94.29
  1688   27.57   86.66
  1689   28.50   87.97
  1690   28.42   84.79
  1691   25.16   79.95
  1692   25.52   89.03
  1693   22.64   73.60
  1694   22.83   73.24
  1695   22.77   76.13
  1696   22.99   70.35
  1697   21.69   71.06
  1698   22.35   73.35
  1699   21.88   69.32
  1700   23.25   70.00
  1701   23.82   81.44
  1702   25.10   91.22
  1703   28.14  111.10
  1704   27.99  106.70
  1705   25.36   97.76
  1706   23.80   87.07
  1707   23.14   75.31
  1708   21.95   76.29
  1709   22.81   86.28
  1710   26.00   85.00
  1711   25.56   95.41
  1712   25.09   84.44
  1713   23.55   87.57
  1714   23.05   82.16
  1715   21.38   69.60
  1716   23.37   89.18
  1717   23.01   89.85
  1718   23.98   93.82
  1719   23.00   78.39
  1720   26.10  105.90
  1721   26.57   94.69
  1722   28.21   92.57
  1723   24.97   88.57
  1724   23.86   86.02
  1725   26.74   89.20
  1726   29.78   94.04
  1727   29.24   97.25
  1728   31.01   93.38
  1729   30.45   95.01
  1730   28.49   94.09
  1731   29.57   88.90
  1732   28.45   87.27
  1733   28.85   86.93
  1734   26.11   79.58
  1735   25.49   77.17
  1736   25.39   81.01
  1737   23.95   80.18
  1738   23.03   75.36
  1739   23.56   72.98
  1740   22.43   72.66
  1741   20.59   73.90
  1742   19.74   65.33
  1743   20.35   64.08
  1744   21.65   69.68
  1745   23.58   72.77
  1746   22.92   74.82
  1747   22.20   74.87
  1748   21.20   67.93
  1749   21.40   63.99
  1750   22.43   70.77
  1751   22.70   72.43
  1752   22.22   74.60
  1753   22.21   67.93
  1754   23.73   74.04
  1755   22.17   70.08
  1756   22.55   77.70
  1757   23.05   69.12
  1758   21.70   67.99
  1759   22.78   77.95
  1760   25.17   79.61
  1761   24.82   83.54
  1762   24.15   74.29
  1763   23.23   78.60
  1764   24.75   78.48
  1765   25.89   77.05
  1766   24.87   67.42
  1767   26.79   76.49
  1768   26.38   86.08
  1769   27.02   83.80
  1770   25.89   83.16
  1771   25.85   80.01
  1772   26.97   87.99
  1773   26.17   81.56
  1774   25.45   77.37
  1775   25.87   80.43
  1776   25.98   81.83
  1777   25.77   86.17
  1778   25.57   82.83
  1779   24.66   79.70
  1780   23.55   81.92
  1781   25.62   89.85
  1782   24.53   81.56
  1783   23.18   75.88
  1784   22.62   70.63
  1785   19.76   63.86
  1786   20.40   67.41
  1787   20.75   76.76
  1788   21.33   64.74
  1789   22.13   73.14
  1790   22.58   75.77
  1791   24.30   82.43
  1792   26.68   92.31
  1793   25.82   85.86
  1794   24.44   84.61
  1795   22.92   80.26
  1796   23.01   82.25
  1797   23.48   89.74
  1798   24.78   91.51
  1799   23.85   85.66
  1800   24.24   85.03
  1801   23.93   87.47
  1802   24.45   86.91
  1803   23.32   83.98
  1804   23.53   89.62
  1805   25.09   89.96
  1806   25.99   82.24
  1807   26.25   85.16
  1808   27.99   91.07
  1809   25.36   81.06
  1810   29.01   89.95
  1811   29.42   85.66
  1812   30.13   88.98
  1813   29.18   89.51
  1814   30.75   90.31
  1815   31.61   99.09
  1816   30.16   94.45
  1817   28.97   90.21
  1818   29.17   86.58
  1819   28.91   89.31
  1820   28.74   88.47
  1821   28.50   84.59
  1822   29.79   87.59
  1823   31.04   89.27
  1824   31.09   94.11
  1825   31.76   98.30
  1826   33.99  103.50
  1827   33.11  100.90
  1828   31.41   97.74
  1829   34.41  102.10
  1830   31.11  101.50
  1831   30.09  106.90
  1832   31.98   96.47
  1833   34.05   95.01
  1834   32.85   95.46
  1835   32.71   94.67
  1836   31.81   89.39
  1837   35.04   97.63
  1838   35.66   99.29
  1839   36.26  101.30
  1840   33.63   99.89
  1841   33.69  102.60
  1842   31.34   92.22
  1843   32.43   92.86
  1844   30.21   85.98
  1845   27.98   82.41
  1846   27.07   81.21
  1847   30.25   86.50
  1848   29.56   85.43
  1849   30.64   88.68
  1850   27.91   84.90
  1851   28.31   82.25
  1852   26.63   76.51
  1853   26.22   81.86
  1854   27.81   82.55
  1855   28.25   80.91
  1856   25.40   77.26
  1857   25.01   73.12
  1858   21.98   64.16
  1859   24.15   67.55
  1860   24.29   72.22
  1861   26.44   75.12
  1862   24.99   73.31
  1863   25.93   73.26
  1864   27.03   78.98
  1865   29.75   85.73
  1866   32.02   91.46
  1867   31.39   87.74
  1868   31.77   86.63
  1869   29.66   94.87
  1870   28.45   80.83
  1871   29.12   81.43
  1872   27.88   79.16
  1873   28.99   83.92
  1874   28.01   83.24
  1875   29.11   88.06
  1876   28.76  102.30
  1877   28.00   89.25
  1878   27.60   86.51
  1879   27.91   89.51
  1880   31.42  100.10
  1881   31.92  102.70
  1882   31.53  101.80
  1883   31.96  101.40
  1884   30.49   95.23
  1885   29.07   90.90
  1886   28.92   88.66
  1887   27.17   88.10
  1888   25.66   85.55
  1889   25.31   86.63
  1890   25.87   86.88
  1891   23.98   76.79
  1892   23.91   74.87
  1893   25.81   86.21
  1894   26.78   88.60
  1895   28.02   89.48
  1896   27.90   86.40
  1897   28.84   84.08
  1898   28.26   89.56
  1899   28.22   84.45
  1900   26.89   85.91
  1901   25.62   76.72
  1902   27.94   83.22
  1903   28.87   92.95
  1904   25.53   82.03
  1905   25.94   84.78
  1906   23.71   77.75
  1907   25.62   79.66
  1908   26.59   86.44
  1909   28.36   94.99
  1910   26.98   87.30
  1911   27.00   84.35
  1912   27.94   98.46
  1913   26.56   89.11
  1914   27.42   81.99
  1915   28.56   97.87
  1916   27.93   90.45
  1917   28.45   92.64
  1918   30.55   98.18
  1919   31.22   97.43
  1920   31.57  106.90
  1921   29.95   92.75
  1922   30.24   89.19
  1923   31.17   93.43
  1924   31.96   92.03
  1925   29.38   88.53
  1926   28.17   82.29
  1927   27.59   86.57
  1928   28.28   81.53
  1929   29.23   84.19
  1930   28.51   81.84
  1931   29.75   86.47
  1932   30.51   87.01
  1933   28.46   84.67
  1934   27.71   90.55
  1935   27.30   81.11
  1936   26.96   80.24
  1937   28.77   80.03
  1938   29.05   79.83
  1939   28.57   81.76
  1940   26.77   81.56
  1941   28.04   86.72
  1942   30.00   90.59
  1943   29.20   97.59
  1944   27.38   82.25
  1945   27.98   84.39
  1946   28.34   83.08
  1947   29.23   88.85
  1948   29.17   90.07
  1949   29.62   94.68
  1950   27.91   87.78
  1951   29.00   96.73
  1952   27.71   85.80
  1953   27.95   83.17
  1954   25.81   81.21
  1955   23.68   73.41
  1956   24.01   75.77
  1957   24.12   78.19
  1958   24.76   76.84
  1959   23.12   70.03
  1960   22.94   71.66
  1961   24.27   75.75
  1962   23.63   70.66
  1963   25.19   74.09
  1964   22.02   65.62
  1965   22.72   68.99
  1966   22.69   68.99
  1967   24.97   72.24
  1968   27.00   80.62
  1969   26.40   80.22
  1970   28.33   84.01
  1971   29.46   91.32
  1972   30.08   91.89
  1973   30.33   91.83
  1974   26.49   76.87
  1975   28.41   85.85
  1976   25.03   73.72
  1977   25.51   79.57
  1978   26.65   79.88
  1979   27.74   81.72
  1980   26.63   81.80
  1981   25.53   76.53
  1982   24.04   73.89
  1983   24.01   80.19
  1984   24.94   74.02
  1985   24.90   78.97
  1986   25.71   80.45
  1987   27.54   88.42
  1988   27.78   83.29
  1989   28.58   86.96
  1990   29.16   90.76
  1991   28.48   92.17
  1992   26.96   98.21
  1993   30.94  103.90
  1994   32.36  104.40
  1995   32.68  106.80
  1996   32.23  113.50
  1997   32.19  113.10
  1998   31.75  101.30
  1999   34.55  105.40
  2000   32.78  102.50
  2001   32.78  104.40
  2002   32.48  108.60
  2003   34.16   99.59
  2004   31.56  103.80
  2005   31.07  105.40
  2006   31.95  103.80
  2007   30.50  101.40
  2008   32.76  113.70
  2009   32.94  109.90
  2010   32.15  112.60
  2011   32.35  107.40
  2012   34.96  117.40
  2013   35.29  122.20
  2014   35.33  120.60
  2015   33.80  108.60
  2016   33.61  108.20
  2017   34.04  106.20
  2018   34.92  113.70
  2019   33.04  107.50
  2020   36.26  112.00
  2021   34.24  124.60
  2022   35.55  117.00
  2023   35.11  111.80
  2024   35.83  113.10
  2025   35.68  109.10
  2026   35.78  108.20
  2027   35.69  112.60
  2028   31.48  105.20
  2029   31.13   99.71
  2030   33.86  104.70
  2031   36.40  101.90
  2032   35.42  100.90
  2033   35.64  100.20
  2034   33.29   96.13
  2035   33.76  103.90
  2036   34.08  104.50
  2037   31.56  100.20
  2038   31.20   95.43
  2039   32.57   92.87
  2040   31.08   90.78
  2041   32.93   96.39
  2042   36.29  101.80
  2043   39.04  109.60
  2044   33.72   93.17
  2045   33.62   98.56
  2046   31.25   89.73
  2047   31.79  100.10
  2048   29.67   88.22
  2049   29.21   85.09
  2050   30.10   88.65
  2051   31.83   89.44
  2052   33.52   92.31
  2053   32.96   92.49
  2054   34.00   97.86
  2055   34.43  100.10
  2056   31.87   96.11
  2057   29.08   88.51
  2058   27.75   84.65
  2059   25.92   81.64
  2060   27.71   83.43
  2061   25.90   76.75
  2062   23.20   71.86
  2063   22.65   74.31
  2064   23.56   74.15
  2065   23.68   85.78
  2066   26.05   83.60
  2067   25.88   85.52
  2068   25.79   81.60
  2069   24.03   78.99
  2070   24.19   83.91
  2071   26.44   86.12
  2072   25.24   82.66
  2073   22.68   74.15
  2074   22.52   76.75
  2075   22.09   71.97
  2076   23.22   77.79
  2077   25.35   81.54
  2078   27.96   89.04
  2079   29.76   88.97
  2080   32.73  100.40
  2081   33.99  100.80
  2082   32.61   96.67
  2083   32.58   96.90
  2084   32.25   94.03
  2085   31.38   91.27
  2086   30.05   89.85
  2087   28.73   90.17
  2088   26.98   80.86
  2089   26.86   83.90
  2090   27.67   79.36
  2091   28.38   83.89
  2092   26.30   83.42
  2093   27.28   88.62
  2094   25.33   78.93
  2095   25.24   84.21
  2096   27.54   90.22
  2097   26.48   85.19
  2098   26.20   85.70
  2099   29.72   95.69
  2100   31.65   97.39
  2101   31.92   95.33
  2102   31.24   90.93
  2103   28.43   85.25
  2104   30.71   89.02
  2105   28.17   82.09
  2106   26.56   80.98
  2107   25.92   80.26
  2108   27.00   83.03
  2109   25.33   78.81
  2110   27.11   81.80
  2111   24.15   72.40
  2112   24.59   82.80
  2113   24.42   78.91
  2114   24.59   77.64
  2115   22.74   67.46
  2116   23.39   70.03
  2117   23.48   71.48
  2118   23.18   74.99
  2119   22.65   77.74
  2120   22.30   70.70
  2121   22.82   76.88
  2122   22.13   73.73
  2123   21.53   72.05
  2124   20.27   67.04
  2125   21.64   70.00
  2126   21.53   76.99
  2127   23.22   81.48
  2128   25.44   81.84
  2129   23.17   71.87
  2130   23.08   73.39
  2131   22.28   76.35
  2132   20.54   64.83
  2133   22.10   67.90
  2134   20.71   66.88
  2135   22.41   71.07
  2136   22.00   71.40
  2137   23.47   79.43
  2138   25.01   89.09
  2139   24.21   80.99
  2140   24.84   76.89
  2141   23.82   79.54
  2142   23.44   73.01
  2143   23.18   74.57
  2144   26.07   79.95
  2145   23.18   81.29
  2146   23.15   69.86
  2147   24.15   71.11
  2148   24.21   77.46
  2149   24.26   78.33
  2150   23.60   76.72
  2151   22.31   72.82
  2152   25.44   82.57
  2153   25.18   81.90
  2154   23.72   70.63
  2155   25.39   79.43
  2156   25.39   79.54
  2157   26.20   88.72
  2158   25.46   82.86
  2159   26.07   85.97
  2160   27.47   82.77
  2161   27.90   80.64
  2162   26.28   79.06
  2163   28.23   87.08
  2164   29.37   90.12
  2165   28.28   86.44
  2166   26.79   86.43
  2167   26.29   88.85
  2168   27.33   91.18
  2169   25.94   86.90
  2170   25.16   94.55
  2171   25.52   84.66
  2172   24.45   82.70
  2173   25.05   85.60
  2174   25.42   88.16
  2175   27.18   89.16
  2176   27.44   87.11
  2177   28.02   91.93
  2178   28.86   95.09
  2179   28.36   92.65
  2180   27.34   91.82
  2181   28.12   87.74
  2182   27.18   90.42
  2183   28.73   95.88
  2184   28.28   95.81
  2185   28.80   86.97
  2186   27.23   90.35
  2187   29.66   99.98
  2188   28.48   91.79
  2189   28.54   85.29
  2190   28.74   84.33
  2191   27.84   85.14
  2192   28.43   92.03
  2193   28.67   88.47
  2194   30.61   96.88
  2195   30.49   92.81
  2196   31.32   96.75
  2197   31.69   99.28
  2198   32.28  104.80
  2199   29.17   94.66
  2200   29.55  102.10
  2201   30.81   94.37
  2202   27.70   85.24
  2203   27.28   86.83
  2204   28.40   91.56
  2205   27.84   97.57
  2206   27.41   96.32
  2207   27.29   95.81
  2208   27.65   96.26
  2209   27.47   92.91
  2210   27.02   99.68
  2211   26.00   83.61
  2212   26.44   82.89
  2213   26.20   90.01
  2214   25.60   81.53
  2215   24.68   78.04
  2216   25.79   91.73
  2217   28.02   91.58
  2218   26.38   97.54
  2219   27.40   88.70
  2220   27.97   84.33
  2221   25.75   84.48
  2222   26.23   81.34
  2223   26.12   86.23
  2224   27.71   85.91
  2225   25.04   88.20
  2226   25.69   84.96
  2227   24.57   86.90
  2228   26.42   87.28
  2229   28.60   89.43
  2230   25.21   79.68
  2231   22.99   73.19
  2232   23.17   89.67
  2233   22.45   80.78
  2234   24.46   89.17
  2235   25.41   88.46
  2236   27.69   88.92
  2237   28.96  101.80
  2238   26.58   91.04
  2239   27.03   89.97
  2240   25.63   82.07
  2241   27.32   87.20
  2242   29.11   92.78
  2243   31.16   98.41
  2244   33.81   99.42
  2245   35.80  101.60
  2246   33.53   97.18
  2247   31.73   93.29
  2248   31.40  103.40
  2249   32.91   98.05
  2250   33.69  108.70
  2251   34.57  104.20
  2252   32.59  101.70
  2253   32.17   98.41
  2254   32.19   99.39
  2255   33.47  102.50
  2256   33.28  100.90
  2257   33.48  103.30
  2258   38.17  120.70
  2259   38.69  122.00
  2260   38.25  122.90
  2261   38.31  113.70
  2262   37.86  110.30
  2263   39.34  111.80
  2264   35.64  103.50
  2265   32.70   99.36
  2266   32.36   94.41
  2267   34.14  103.90
  2268   32.20   95.74
  2269   35.06   99.83
  2270   39.13  108.00
  2271   35.79  109.70
  2272   31.27   97.38
  2273   34.69  104.90
  2274   36.29  110.30
  2275   34.44  100.60
  2276   32.62   97.70
