 Wed Apr 19 10:23:01 2023
CYCLE:     1
ENSEMBLE  1     2     3     4     5     6     7     8     9    10
  
          9     9     9     9     9     9     9     9     9     9
         15    15    15    15    15    15    15    15    15    15
         61    61    61    61    61    61    61    61    61    61
        125   125   125   125   125   125   125   125   125   125
        125   125   125   125   125   125   125   125   125   125
        178   395   178   172   178   172   172   275   275   172
        395   464   275   275   275   275   395   395   395   178
        513   513   395   395   395   395   464   464   513   395
        530   530   513   513   513   513   513   513   530   513
        541   541   530   530   530   530   530   530   596   530
        596   596   535   596   535   596   541   535   673   541
        603   603   596   673   596   672   596   596   686   596
        673   673   603   686   673   673   603   673   733   603
        686   686   673   738   686   686   673   686   738   673
        733   733   686   750   738   738   686   738   750   686
        738   738   738   774   750   750   738   750   774   738
        750   750   750   838   838   838   750   838   838   750
        838   838   838   840   840   840   838   840   840   838
        840   840   840   857   856   857   840   856   856   840
        863   863   863   863   863   863   863   863   863   863
  
  
CYCLE:     2
ENSEMBLE  1     2     3     4     5     6     7     8     9    10
  
          4     4     4     6     4     4     4     4     4     4
         72     6     6    72     6     6    72     6     6    72
        304    72    72   304    72    72   282    72    72   375
        375   203   282   375   203   203   375   282   375   381
        491   375   375   491   375   375   381   375   435   435
        491   435   381   508   381   463   463   381   441   463
        508   463   463   508   463   491   491   463   491   491
        508   491   491   513   491   508   491   491   508   491
        513   508   508   514   508   508   508   508   508   508
        514   508   508   533   508   513   508   508   513   508
        533   513   513   540   513   514   513   513   514   513
        540   514   514   640   514   533   514   514   533   514
        670   533   540   670   540   540   540   538   540   540
        680   540   683   680   597   597   683   683   680   640
        683   680   693   683   683   680   693   693   683   683
        693   683   707   692   693   683   707   708   693   693
        696   693   708   693   708   693   708   722   707   708
        739   739   739   739   739   739   739   739   739   739
        839   839   839   839   839   839   839   839   839   839
        876   876   876   876   876   876   876   876   876   876
  
  
CYCLE:     3
ENSEMBLE  1     2     3     4     5     6     7     8     9    10
  
         13    13    13    13    13    13    13    13    13    13
         14    14    14    14    14    14    14    14    14    14
         18    64    18    18    64    64    18    64    64    64
        375   135    69   135   135   135   135   375   375   375
        491   375   135   375   375   375   375   381   381   433
        513   381   375   513   491   381   384   513   433   491
        526   491   384   523   513   384   491   526   513   513
        534   513   491   526   526   513   513   534   526   526
        596   526   513   534   596   526   526   559   534   596
        627   559   526   596   677   559   561   596   559   627
        677   596   596   677   691   561   596   627   596   677
        691   691   677   691   709   596   677   691   627   691
        709   709   709   709   716   709   709   709   691   709
        716   716   716   716   728   716   716   716   709   716
        728   728   728   728   758   728   728   728   716   728
        758   761   758   758   761   752   758   752   728   758
        774   774   761   774   774   761   761   774   752   761
        786   786   786   786   786   786   786   786   786   786
        818   818   818   818   818   818   818   818   818   818
        839   839   839   839   840   840   839   840   840   840
  
  
CYCLE:     4
ENSEMBLE  1     2     3     4     5     6     7     8     9    10
  
         10    10    10    10    10    10    10    10    10    10
         14    16    16    16    16    14    16    16    16    16
         74    74    74    74    74    74    69    74    74    74
        273   399   273   173   273   273    74   273   273   315
        386   483   398   399   398   386   273   379   398   398
        398   516   516   516   516   399   398   398   516   516
        503   529   529   530   530   503   516   516   530   530
        516   530   530   533   533   516   530   530   533   533
        529   533   533   537   537   529   533   533   537   537
        533   537   537   565   565   533   537   537   565   557
        537   565   539   599   599   537   565   539   599   565
        565   587   565   674   674   565   599   565   674   599
        599   674   599   674   674   599   674   599   674   674
        674   674   674   696   696   674   674   674   700   674
        674   683   674   700   700   674   700   674   726   700
        683   696   683   726   726   683   726   700   726   726
        726   726   726   726   726   726   726   726   767   726
        767   767   767   767   767   767   767   767   818   767
        818   818   818   818   818   818   818   818   842   818
        842   842   842   842   842   842   842   842   856   842
  
  
CYCLE:     5
ENSEMBLE  1     2     3     4     5     6     7     8     9    10
  
          6     6     6     6     6     6     6     6     6     6
          6     6     6    14    14     6     6     6     6    14
         14    14    14    73    73    14    14    14    14    73
         73    73    73    74    74    73    73    73    73    74
         74    74    74   169   169    74    74    74    74   292
        169   169   169   292   292    79   169   169   169   301
        301   282   270   301   301   169   301   301   270   435
        435   307   301   447   447   301   447   380   301   447
        447   447   447   464   464   447   464   436   447   464
        514   464   464   514   514   464   490   447   464   514
        518   514   490   518   518   514   514   464   490   518
        525   518   514   525   525   518   518   490   514   525
        526   525   518   526   526   526   525   514   518   526
        530   526   525   530   530   530   526   525   525   530
        599   530   526   538   538   599   592   526   526   538
        606   572   530   538   538   682   599   530   530   538
        682   604   599   599   599   728   682   599   599   599
        698   682   681   681   682   738   728   668   682   681
        728   728   728   728   728   796   738   681   728   719
        796   738   738   738   738   796   796   738   738   728
  
  
CYCLE:     6
ENSEMBLE  1     2     3     4     5     6     7     8     9    10
  
         13    13    13    13    13    13    13    13    13    13
         71    71   284   284   284    71    71    71    71    71
        381   381   310   310   310   381   284   316   381   381
        463   482   316   316   316   482   381   381   435   482
        482   508   381   381   381   508   508   435   482   508
        508   512   508   508   434   512   512   482   508   512
        512   513   513   513   508   513   513   508   512   513
        513   530   530   530   513   530   530   513   513   530
        530   602   602   531   530   602   602   530   530   571
        602   642   642   602   531   642   642   602   545   602
        642   682   679   642   602   682   682   642   602   642
        682   683   682   679   642   683   683   682   642   682
        683   697   683   682   679   697   697   683   682   683
        697   700   697   683   682   700   700   697   683   697
        700   715   715   715   700   715   715   715   697   715
        715   728   728   728   715   728   728   728   715   728
        728   763   796   796   728   764   763   764   728   763
        764   796   841   841   796   796   796   796   764   796
        841   841   842   842   841   841   841   841   841   841
        842   842   855   855   842   842   842   842   842   842
  
  
CYCLE:     7
ENSEMBLE  1     2     3     4     5     6     7     8     9    10
  
         79    72    71   203    79    71    71    71    79    79
        203    79    72   373   203   203    79    72   203   203
        373   203    79   374   373   373   203    79   373   373
        374   373   203   434   374   374   373   203   374   374
        477   374   373   436   436   434   374   373   436   436
        498   436   374   477   477   477   477   374   477   477
        517   477   477   498   498   498   498   477   498   498
        547   498   498   515   517   515   517   498   517   517
        596   517   517   517   596   517   596   517   547   547
        612   547   547   612   612   612   612   547   596   596
        682   596   612   682   682   682   682   596   612   612
        682   612   680   682   682   682   682   612   682   682
        694   682   682   698   698   694   694   682   682   682
        703   694   694   709   709   709   709   694   698   694
        709   709   709   728   728   728   728   709   709   709
        728   728   728   728   728   728   728   728   728   728
        728   728   728   753   753   753   753   728   728   728
        753   753   753   844   844   844   844   753   753   753
        844   844   844   844   844   844   844   844   844   844
        844   844   844  1366  1366  1366  1366   844   844   844
  
  
CYCLE:     8
ENSEMBLE  1     2     3     4     5     6     7     8     9    10
  
         12    12    73    63    12    12    12    63    73    12
         73    73   121    73    73    63    69    73   121    63
        121   121   374   203   121    73    73   374   374    73
        299   379   379   374   379   203   121   376   379   376
        379   387   387   376   387   376   378   379   387   379
        387   447   448   379   448   379   379   447   447   435
        447   448   508   505   508   505   387   505   448   447
        448   508   508   508   508   508   447   508   508   505
        508   508   513   508   513   508   448   508   508   508
        508   513   527   513   527   513   508   513   513   508
        513   527   537   537   537   537   508   527   527   513
        537   537   567   567   567   567   513   537   537   527
        613   571   674   674   613   613   527   613   613   537
        674   613   686   686   674   674   537   674   674   613
        686   674   691   691   686   686   613   686   686   686
        691   686   706   706   691   691   674   691   691   691
        708   691   708   708   708   708   691   708   708   708
        737   737   737   813   737   813   708   813   737   813
        842   842   842   842   842   842   842   842   842   842
        867   867   867   867   867   867   867   867   867   867
  
  
CYCLE:     9
ENSEMBLE  1     2     3     4     5     6     7     8     9    10
  
          3     3     3    16     3    16    16     3     3    16
         16    16    16   275    16   275   275    16    16   275
        275   275   275   275   275   275   275   207   207   275
        275   275   275   306   275   306   306   275   275   306
        282   306   306   308   282   308   308   275   275   308
        306   308   379   309   306   379   379   306   306   380
        380   379   380   379   380   380   380   379   379   392
        392   380   392   380   392   392   392   380   380   451
        439   392   439   392   439   451   451   392   392   506
        514   514   514   514   514   514   514   439   439   514
        602   602   602   602   602   602   602   514   514   602
        682   682   682   682   682   682   682   602   602   682
        682   682   682   682   682   682   682   682   682   682
        706   706   706   706   706   706   706   682   682   706
        725   708   708   708   725   708   708   706   706   708
        734   725   725   725   734   725   725   725   725   725
        749   748   818   748   748   748   818   749   748   818
        818   818   845   818   818   818   839   818   818   839
        839   839   846   839   839   839   845   839   839   845
        845   845   867   845   845   845   867   845   845   867
  
  
CYCLE:    10
ENSEMBLE  1     2     3     4     5     6     7     8     9    10
  
         60    60    60    60    60    60    60    60    60    60
         72    80    72    80    80    72    80    72    80    80
         80   168    80   160   391    80   160    80   160   168
        166   391   168   168   442   168   391   160   168   391
        168   442   391   391   476   391   476   168   391   412
        391   476   433   476   513   433   513   391   476   442
        442   513   442   513   515   442   515   433   513   476
        476   515   513   515   526   476   526   513   515   513
        513   526   515   526   601   513   601   515   526   515
        515   601   526   601   609   515   609   526   536   526
        526   609   561   609   627   526   627   561   601   601
        601   627   601   627   669   601   669   601   609   609
        609   682   609   682   682   609   682   609   627   682
        682   683   669   683   683   669   683   669   682   683
        686   686   682   686   686   682   686   682   683   686
        693   693   686   693   693   686   693   686   686   693
        709   709   693   709   709   693   709   693   709   709
        802   802   709   802   751   709   751   709   802   802
        841   841   841   841   841   841   841   841   841   841
        863   863   863   863   863   863   863   863   863   863
  
  
CYCLE:    11
ENSEMBLE  1     2     3     4     5     6     7     8     9    10
  
         11    11    11    11    11    11    11    11    11    11
         12    12    12    12    74    74    74    12    12    12
         74    74    74    65    79    79    79    74    74    74
         79    79    79    74   121   125   125    79    79    79
        125   125   121    79   125   186   186   131   186   131
        186   186   125   125   275   275   383   186   317   186
        383   275   383   186   383   383   452   383   383   383
        452   383   452   383   452   452   491   452   452   452
        491   452   491   452   491   491   505   505   491   505
        505   505   505   505   505   505   523   523   505   523
        523   523   523   523   673   523   541   541   523   541
        541   673   541   673   673   673   673   673   541   673
        673   673   673   673   682   673   673   673   673   673
        673   682   673   682   692   682   682   682   673   682
        682   692   682   692   693   692   692   692   682   692
        692   693   692   693   714   693   693   693   692   693
        693   731   693   731   742   742   742   710   693   734
        767   767   767   767   767   767   767   767   767   767
        767   767   767   767   767   767   767   767   767   767
        821   821   821   821   821   821   821   821   821   821
  
  
CYCLE:    12
ENSEMBLE  1     2     3     4     5     6     7     8     9    10
  
          6     6     6    10    10     6    10    10    10     6
         10    10    10    12    12    10    12    12    12    10
         12    12    12    72    80    12    80    80    80    12
         80    80    80    80   156    80   156   190   156    80
        138   138   190   156   176   185   176   277   268   156
        282   284   284   268   277   282   277   284   277   268
        284   284   284   277   282   284   284   284   284   282
        374   374   374   284   284   374   284   374   284   284
        493   493   493   284   374   434   374   493   374   374
        498   498   498   374   384   493   384   498   493   493
        508   508   508   493   493   508   493   508   498   498
        508   508   508   498   498   508   498   508   508   508
        516   516   516   508   508   516   508   516   508   508
        567   567   567   508   508   567   508   567   516   516
        601   601   601   516   516   601   516   601   537   527
        674   674   674   527   527   674   527   674   601   674
        683   683   683   674   674   683   674   683   683   683
        731   731   731   731   731   731   731   731   731   731
        768   768   768   768   768   768   768   768   768   768
        841   841   841   841   841   841   841   841   841   841
  
  
CYCLE:    13
ENSEMBLE  1     2     3     4     5     6     7     8     9    10
  
         12    12    12    12    12     9    12    12    12    12
         16    16    16    16    16    12    16    16    16    16
        288   288   288   272   274    16   272   272   288   272
        311   311   311   288   288   288   288   288   311   288
        377   377   377   373   373   373   373   373   377   373
        436   436   436   377   377   377   377   377   436   377
        515   441   515   436   436   436   436   436   515   436
        593   515   593   441   515   515   515   515   593   515
        596   596   596   515   593   536   596   593   673   593
        673   673   673   596   596   593   673   596   673   596
        673   673   673   673   673   596   673   673   692   673
        692   696   692   673   692   692   692   673   708   673
        696   700   708   696   696   696   696   692   709   692
        708   708   709   700   708   708   700   696   731   708
        709   709   731   708   709   709   708   708   734   709
        731   731   734   709   731   731   709   709   755   734
        838   818   838   818   818   818   838   838   839   838
        839   839   839   839   839   839   839   839   842   839
        842   842   844   842   842   842   842   842   845   844
        851   851   851   851   851   851   851   851   851   851
  
  
CYCLE:    14
ENSEMBLE  1     2     3     4     5     6     7     8     9    10
  
         13    13    13    12    13    12     9    12    13    12
         13    13    13    13    13    13    13    13    13    13
         73    73    73    73    73    73    13    73    73    73
        308   123   304   123   169   123    73   169   169   123
        441   169   308   169   304   155   123   284   308   155
        513   284   513   284   308   284   169   308   441   284
        516   308   516   308   513   308   308   384   513   308
        535   513   535   513   516   513   441   513   516   513
        600   516   600   516   600   516   513   516   600   516
        629   600   629   600   629   600   516   600   629   600
        673   673   673   673   673   673   600   629   673   673
        674   674   674   674   674   674   674   673   674   674
        678   678   678   678   678   678   678   674   678   678
        688   688   688   688   688   688   688   678   688   688
        726   726   726   726   726   726   726   688   726   726
        750   750   750   750   750   750   750   726   750   750
        820   820   820   819   820   820   820   750   820   819
        839   839   839   839   839   839   839   820   839   839
        841   841   841   841   841   841   841   839   841   841
        863   863   863   863   863   863   863   841   863   863
  
  
CYCLE:    15
ENSEMBLE  1     2     3     4     5     6     7     8     9    10
  
          9     3     3     3     3     3     3     3     9    14
          9     9     9     9     9    14    14     9    14    32
         14     9    14    14    14    32    32     9    32    71
         32    14    32    32    32    71    71    14    71    71
         71    32    71    71    71    71    71    32    71   310
         71    71    71    71    71   377   310    71   310   377
        316    71   310   310   377   405   377    71   405   405
        405   316   405   405   405   514   405   405   514   514
        516   405   516   514   516   516   514   516   516   516
        516   516   516   516   516   516   516   516   516   516
        517   516   517   516   517   517   516   517   517   517
        517   517   517   517   517   517   517   517   517   517
        541   517   541   517   541   541   517   541   541   541
        679   541   679   541   679   572   541   679   679   679
        686   679   686   679   686   679   679   686   686   686
        723   686   692   686   692   686   686   692   692   692
        765   765   765   692   765   692   692   765   723   723
        811   811   811   768   811   765   765   811   768   765
        818   818   818   811   818   811   811   818   811   811
        818   818   818   818   818   818   818   818   818   818
  
  
CYCLE:    16
ENSEMBLE  1     2     3     4     5     6     7     8     9    10
  
        156   156   156   156   156   156   156   156   156     2
        391   391   391   391   391   317   391   391   391   391
        392   392   392   392   392   391   392   392   392   392
        482   482   395   395   482   392   395   395   482   395
        497   494   489   489   489   482   489   489   494   508
        508   508   508   508   508   508   508   508   508   516
        516   516   516   516   516   508   508   516   516   516
        516   516   516   516   516   516   516   516   516   525
        525   525   525   525   525   525   525   525   525   525
        525   525   525   525   525   525   525   525   525   525
        532   532   532   532   525   532   537   532   532   532
        537   537   537   537   532   537   540   537   537   537
        540   540   540   540   537   540   568   540   540   568
        568   568   568   568   540   568   596   568   568   596
        596   596   596   596   568   596   607   596   596   604
        607   607   607   604   596   607   620   678   604   607
        678   678   678   635   607   678   678   680   635   678
        680   680   680   678   678   680   680   702   678   680
        702   702   702   680   680   738   738   791   680   693
        841   841   841   791   841   841   841   841   791   741
  
  
CYCLE:    17
ENSEMBLE  1     2     3     4     5     6     7     8     9    10
  
          6     6     6     6     6     6     6     6     6     6
         10    10    10    10    10    10    10    10    10    10
         12    12    12    12    12    12    13    12    13    12
         80   117    80    71    80    71    80    80   117    80
        125   125   125    80   316    80   316   316   316   125
        316   316   316   316   328   316   321   321   395   316
        328   395   328   321   395   318   328   328   512   328
        395   514   395   328   512   321   395   395   514   395
        514   520   514   395   514   395   512   512   520   443
        520   539   520   514   520   463   514   514   539   514
        539   592   539   520   539   514   520   520   592   520
        592   676   592   592   592   520   539   539   679   539
        596   679   596   676   596   592   592   592   681   592
        676   681   676   679   679   676   679   679   686   596
        679   686   679   681   681   681   681   681   709   676
        681   709   681   686   686   686   686   686   722   679
        686   728   686   709   725   709   709   709   728   681
        725   774   725   725   842   728   728   728   842   686
        842   842   844   842   846   842   842   842   846   842
        846   846   846   846   860   846   846   846   860   846
  
  
CYCLE:    18
ENSEMBLE  1     2     3     4     5     6     7     8     9    10
  
          6     6     6     6     6     6     6     6     6     6
          9     9     9     9     9     9     9     9     9     9
         29    80    29    80    29    80    80    80    80    80
         80   277    80   277    80   277   277   277   277   277
        277   399   277   325   277   399   399   399   399   399
        399   434   399   399   399   434   434   434   434   434
        434   467   434   434   434   467   467   467   467   467
        493   493   493   505   491   493   505   491   491   491
        513   513   513   513   493   513   513   493   505   493
        515   515   515   515   513   515   515   513   513   513
        518   518   518   518   515   518   518   515   515   515
        641   668   668   668   518   641   641   518   518   518
        682   682   682   682   668   682   682   530   668   530
        691   691   691   691   682   691   691   668   682   641
        699   699   699   699   691   699   699   691   691   691
        716   716   716   716   716   716   716   716   716   716
        723   723   723   723   723   723   723   723   723   723
        742   742   742   742   742   742   742   742   742   742
        788   788   788   788   788   788   788   788   788   788
        868   868   868   868   868   868   868   868   868   868
  
  
CYCLE:    19
ENSEMBLE  1     2     3     4     5     6     7     8     9    10
  
          6     6     6     6     6     6     6     6     6     6
          6    13    13    13    13     6     6    13    13    13
         13    69    69    69    69    13    13    69    69    69
         69   158   158   158   158    69    69    70   158    70
        158   300   378   300   385    70   158   158   300   158
        300   378   385   378   399   158   300   378   399   378
        378   456   456   455   436   378   378   456   436   456
        387   521   521   456   456   387   521   521   456   521
        521   521   521   521   521   521   521   521   521   521
        521   525   525   521   521   521   526   525   521   526
        526   526   526   526   526   526   530   526   526   530
        530   530   530   530   530   530   572   530   530   597
        572   597   597   597   597   572   597   597   597   674
        674   674   674   674   674   674   674   674   674   690
        690   690   690   726   726   690   690   690   726   726
        726   726   726   728   728   726   726   726   728   728
        767   728   728   767   767   767   767   728   767   750
        786   767   767   786   786   786   786   767   786   786
        839   786   786   839   839   839   839   786   840   839
        840   840   840   840   840   840   840   840   846   840
  
  
CYCLE:    20
ENSEMBLE  1     2     3     4     5     6     7     8     9    10
  
          3     3     3     3     3     3     3     3     3     3
         79    79    79    79    79    79    79    79    79    79
         79    79    79    79    79    79    79    79    79    79
        284   284   284   284   284   284   279   284   284   284
        316   316   316   316   316   316   284   316   306   395
        516   441   441   441   441   474   316   474   316   441
        525   516   516   516   504   511   441   516   516   516
        645   645   525   519   516   516   516   525   645   645
        678   670   645   525   525   645   525   645   670   670
        679   678   678   645   645   670   645   678   678   678
        682   679   679   678   678   678   678   679   679   679
        682   682   682   679   679   679   679   682   682   682
        726   682   682   682   682   682   682   682   682   682
        726   726   726   682   682   682   682   726   726   726
        728   726   726   726   726   726   726   726   728   726
        733   728   728   726   726   726   726   728   733   728
        739   733   739   728   728   733   728   733   739   733
        782   739   796   733   733   739   739   739   782   739
        840   840   840   840   840   840   840   840   840   840
        841   841   841   841   841   841   841   841   841   841
  
  
CYCLE:    21
ENSEMBLE  1     2     3     4     5     6     7     8     9    10
  
         10    10    10    10    10    10   186    10    10    10
        186   186   186   186   186   176   372   186   186   186
        306   306   306   306   306   306   433   306   306   306
        372   372   308   372   372   308   449   372   372   372
        433   433   372   449   433   372   513   433   433   434
        449   449   449   513   434   433   534   434   449   449
        513   490   513   534   449   449   596   449   513   513
        534   513   534   596   490   513   600   513   534   534
        596   596   596   600   513   596   679   534   596   596
        600   600   679   679   596   679   681   596   600   600
        679   679   680   680   600   681   682   600   679   679
        681   681   681   681   679   682   709   679   681   680
        682   682   682   682   681   709   725   681   682   681
        709   709   709   709   709   725   726   709   709   709
        710   710   725   710   725   726   727   725   725   725
        726   726   726   726   726   739   810   726   726   726
        810   810   813   813   810   814   821   810   814   813
        821   821   821   821   821   821   839   821   821   821
        839   839   839   839   839   839   840   839   839   839
        840   840   840   840   840   840   867   840   840   840
  
  
CYCLE:    22
ENSEMBLE  1     2     3     4     5     6     7     8     9    10
  
        131   131   131   132   131   131   132   132   131   131
        306   306   306   306   306   306   306   306   306   178
        375   375   375   375   377   375   375   375   377   306
        476   377   476   476   383   476   476   377   383   375
        476   476   476   476   444   476   476   476   476   497
        498   476   498   498   476   498   498   476   476   512
        512   498   512   512   476   512   512   498   498   513
        513   512   513   513   498   513   513   512   512   514
        514   513   514   514   512   514   514   513   513   519
        527   514   527   527   513   536   536   514   514   527
        536   527   536   536   514   596   596   527   536   536
        596   536   596   596   536   600   600   536   596   596
        672   596   609   672   596   682   682   596   600   597
        682   609   682   682   676   692   692   672   676   609
        682   676   682   682   709   709   709   676   709   682
        709   709   709   709   748   749   749   709   748   709
        748   748   748   748   768   768   768   748   768   748
        841   841   841   841   841   841   841   841   841   841
        842   842   842   842   842   842   842   842   842   842
        886   886   886   886   886   886   886   886   886   886
  
  
CYCLE:    23
ENSEMBLE  1     2     3     4     5     6     7     8     9    10
  
          6    12     6    12    12    12    12    12    12    12
         12    14    12    14    14    14    14    14    14    14
         14   270    14   270   125   125   125    72   270   125
        125   306   125   304   306   304   304   270   306   306
        304   377   304   306   377   306   306   304   396   377
        306   396   306   396   447   447   377   306   445   445
        377   445   377   445   508   508   447   377   447   447
        386   447   445   447   513   513   508   396   508   508
        445   508   447   508   514   514   513   463   513   513
        513   513   513   513   538   538   514   508   514   514
        514   514   514   514   574   574   538   513   538   538
        538   538   538   538   595   595   574   514   670   595
        595   670   595   670   670   670   595   574   678   670
        670   678   670   678   678   678   670   601   681   678
        678   681   678   681   681   681   678   670   728   681
        681   768   681   728   768   728   681   678   768   768
        768   821   768   768   821   768   768   681   821   821
        821   843   821   821   843   821   821   768   843   843
        843   851   843   843   851   843   843   821   851   851
        851   865   851   851   865   851   851   843   865   865
  
  
CYCLE:    24
ENSEMBLE  1     2     3     4     5     6     7     8     9    10
  
         15    13    13    15    15    15    13    13    13    15
         56    15    15    56    56    56    15    15    15    71
         71    56    56    71    71    71    56    56    56    80
         80    71    71    80    80    80    71    71    71   376
        283    80    80   281   178   283    80    80    80   491
        376   167   167   283   283   376   167   167   281   497
        464   292   292   376   376   491   281   281   283   515
        491   388   491   491   491   497   283   283   491   515
        515   491   515   497   515   515   491   388   497   525
        515   515   515   515   515   515   515   491   515   612
        525   515   525   515   525   525   515   515   515   683
        612   525   612   525   612   612   525   515   525   690
        683   612   683   612   683   683   612   525   612   709
        709   683   690   683   709   709   683   612   683   725
        725   690   709   709   725   725   709   683   709   745
        745   709   745   745   745   745   745   709   745   768
        768   745   768   768   768   768   768   745   768   788
        788   768   788   788   788   788   788   768   788   840
        840   788   840   840   840   840   840   788   840   864
        867   840   867   867   867   867   867   840   867   867
  
  
CYCLE:    25
ENSEMBLE  1     2     3     4     5     6     7     8     9    10
  
          3     3     3     3     3     3     3     3     3     3
        135   135    11    11   135    11    11   184   135    11
        185   185   184   185   185   184   185   316   185   184
        316   316   316   316   316   316   316   373   309   316
        373   373   373   373   373   373   373   375   316   373
        375   375   375   375   375   375   375   377   373   375
        395   395   377   377   377   377   377   395   375   377
        513   513   395   395   395   395   395   434   395   395
        516   516   434   434   513   434   513   441   513   434
        526   526   513   513   516   490   516   513   516   513
        536   536   516   516   526   513   526   516   526   516
        604   604   526   526   536   516   553   526   604   526
        681   681   602   602   602   526   602   602   681   553
        707   709   681   681   613   602   613   654   707   602
        709   728   709   709   654   654   681   681   709   681
        728   748   728   728   681   681   709   709   728   709
        748   753   732   732   709   709   728   728   748   728
        753   802   753   753   728   728   732   736   753   732
        840   840   842   842   748   732   753   748   840   753
        841   841   848   848   840   842   842   840   841   842
  
  
CYCLE:    26
ENSEMBLE  1     2     3     4     5     6     7     8     9    10
  
          1     2    61     1     2     1    61    61     1    61
         61    61   172    61    61    61    71    71    61    69
         69    71   380    69    71    69   275   380   172   380
        275   275   449    71   275   275   380   449   380   449
        380   380   501   172   380   380   449   501   449   501
        449   449   506   275   449   449   501   506   486   506
        506   506   506   380   506   506   506   506   506   506
        506   506   514   449   506   506   506   514   506   514
        514   514   525   506   514   514   514   525   514   525
        525   525   529   506   525   525   525   529   525   529
        529   529   533   514   529   529   529   533   529   533
        533   533   596   525   533   533   533   596   596   596
        673   673   597   529   673   673   673   673   597   673
        686   686   673   673   686   686   686   686   673   686
        696   753   686   686   696   754   696   696   686   696
        786   754   753   786   753   786   753   753   786   721
        796   786   786   796   786   796   786   786   796   786
        818   818   818   818   821   818   818   818   818   818
        840   840   840   840   840   840   840   840   840   840
        863   863   863   863   863   863   863   863   863   863
  
  
CYCLE:    27
ENSEMBLE  1     2     3     4     5     6     7     8     9    10
  
         73    73    14    14    14    14    14    14    73    73
        142   154    73    18    18    73    73    73   146   146
        374   299   146   154   154   146   142   146   374   374
        383   374   299   299   299   299   299   299   383   383
        508   383   383   383   383   383   383   383   490   508
        515   508   490   454   454   508   508   490   508   515
        516   515   508   490   508   515   515   508   515   516
        526   516   515   508   515   516   516   515   516   526
        530   526   516   515   516   526   526   516   526   530
        531   530   526   516   526   530   530   526   530   531
        674   674   530   526   530   598   674   530   531   587
        674   674   587   530   674   674   674   598   587   598
        681   681   598   674   674   674   681   674   598   674
        731   731   674   674   681   681   731   674   674   674
        753   753   674   681   731   731   753   681   674   681
        768   840   681   731   753   753   768   731   681   731
        840   851   731   768   840   782   840   768   731   753
        863   863   768   840   851   840   863   782   768   768
        884   884   840   863   863   851   884   840   840   840
       1369  1369   884   884   884   884  1369   884   884   884
  
  
CYCLE:    28
ENSEMBLE  1     2     3     4     5     6     7     8     9    10
  
        168   135   168   135   207   207   168   168   168   135
        207   178   207   178   272   265   178   207   207   207
        380   272   380   265   379   272   380   380   265   272
        386   380   386   272   380   379   386   393   380   380
        393   386   393   380   393   380   393   447   386   393
        456   393   456   393   447   393   456   456   393   447
        481   481   481   447   456   447   481   481   456   481
        508   508   508   474   481   456   508   508   481   508
        516   516   516   508   508   481   516   516   508   516
        516   516   516   516   516   508   516   516   516   516
        516   516   516   516   516   516   516   516   516   516
        530   530   530   516   516   516   530   530   516   530
        578   578   578   530   578   516   578   578   530   578
        678   596   596   596   596   596   596   678   678   596
        682   678   678   678   678   678   678   682   682   678
        706   706   706   706   706   706   706   706   706   706
        709   709   709   709   709   709   709   709   709   709
        726   726   726   726   726   726   726   726   726   726
        786   786   786   786   786   786   786   786   786   786
        833   833   833   833   833   833   833   833   833   833
  
  
CYCLE:    29
ENSEMBLE  1     2     3     4     5     6     7     8     9    10
  
        168   168   168   168   272   168   168   168   168   168
        168   272   272   376   376   376   272   272   272   272
        376   376   376   381   381   381   376   376   376   376
        381   381   381   517   504   504   381   381   381   381
        508   504   504   520   508   508   485   508   517   517
        517   508   508   525   517   517   516   517   520   520
        523   517   517   526   523   523   517   520   523   523
        525   523   523   527   525   525   523   523   525   525
        526   525   525   596   526   526   525   525   526   526
        596   526   526   596   596   596   526   526   596   596
        596   596   596   606   596   596   596   596   596   596
        606   596   596   691   606   606   596   596   606   606
        613   606   606   694   691   613   606   606   613   691
        691   613   691   700   694   691   613   691   691   694
        694   691   694   703   703   694   694   694   694   700
        703   694   703   720   720   700   700   703   700   703
        731   731   731   731   733   720   733   733   733   733
        742   742   742   742   742   742   742   742   742   742
        742   742   742   742   742   742   742   742   742   742
        842   842   842   842   842   842   845   842   842   842
  
  
CYCLE:    30
ENSEMBLE  1     2     3     4     5     6     7     8     9    10
  
          7     7     7     7     7   286     7     7     7     7
        286   381   286   381   378   304   378   286   378   286
        378   434   381   434   434   381   434   378   434   378
        434   446   434   446   446   434   446   434   446   434
        508   508   508   508   508   434   508   508   508   508
        515   515   515   515   515   515   515   515   515   515
        520   520   520   520   520   520   520   520   520   520
        533   533   533   533   533   533   533   533   533   533
        538   538   538   538   538   539   538   538   538   538
        539   539   539   539   539   540   539   539   539   539
        540   540   540   540   540   682   540   540   540   540
        682   682   682   682   682   696   682   682   682   596
        686   686   686   686   686   709   686   686   686   686
        765   767   767   767   767   720   767   720   720   767
        767   774   774   774   774   767   774   765   767   774
        774   802   802   802   802   802   802   767   802   802
        839   839   839   839   839   839   839   839   839   839
        840   840   840   841   840   840   841   840   841   840
        877   877   877   877   877   877   877   877   877   877
        884   884   884   884   884   884   884   884   884   884
  
  
CYCLE:    31
ENSEMBLE  1     2     3     4     5     6     7     8     9    10
  
         73    73    73    73    73    73    73    73    73    73
         73    73    73    73    73    73    73    73    73    73
        128   128   301   301   128   141   160   375   141   315
        141   301   315   372   301   315   290   378   372   372
        372   372   372   375   372   372   315   435   375   375
        375   375   375   378   375   375   372   477   378   378
        378   378   378   477   378   378   378   508   477   508
        477   477   477   508   497   477   508   530   508   530
        508   508   508   530   508   508   600   534   530   567
        530   530   530   604   530   530   674   567   567   604
        567   597   674   610   597   567   678   674   604   674
        597   674   678   674   674   604   686   678   610   678
        604   678   686   678   678   674   708   686   674   708
        674   686   708   696   686   678   709   708   678   709
        678   708   709   708   708   684   716   709   696   716
        708   709   716   709   709   709   749   716   708   768
        709   716   802   716   716   716   796   839   709   796
        716   839   839   839   839   768   802   840   716   839
        839   840   840   840   840   839   839   866   839   840
        840   987   987   987   987   840   840   987   840   987
  
  
CYCLE:    32
ENSEMBLE  1     2     3     4     5     6     7     8     9    10
  
         18    18    18    18    18    18    18    18    18    18
         26    26    26    26    26    26    26    26    26    26
        436   156   436   156    69    65    69   436   156    69
        453   316   453   436   156    69   156   453   297   156
        463   436   469   453   436   156   156   469   316   316
        469   491   475   469   453   156   297   491   436   436
        515   491   491   475   469   316   316   515   463   463
        516   515   515   515   475   436   436   516   491   491
        517   516   516   516   515   515   491   517   515   515
        518   517   517   517   516   516   515   518   516   516
        526   518   518   518   517   517   516   526   517   517
        592   526   526   526   518   518   517   541   518   518
        596   541   541   538   526   526   518   592   526   526
        676   592   592   592   592   592   526   596   592   592
        676   596   596   596   596   596   592   676   596   596
        682   676   676   676   676   676   596   676   676   676
        689   676   676   676   676   676   676   682   676   676
        708   689   682   682   682   689   676   689   708   689
        708   722   708   722   722   722   722   708   708   722
        851   851   851   851   851   851   851   851   851   851
  
  
CYCLE:    33
ENSEMBLE  1     2     3     4     5     6     7     8     9    10
  
         16    16    16    16    16    16    16     4    16     4
         17    17    17    17   387    17    17     9    17     9
        264   264   393   264   393   264   264    12   264    12
        393   393   463   393   497   393   393    16   299    16
        463   463   514   463   514   463   463   406   393   406
        514   514   515   514   515   514   514   514   463   412
        515   515   530   515   530   515   515   515   514   463
        538   538   538   530   538   538   538   530   515   514
        596   540   596   538   596   596   540   538   538   530
        601   596   601   540   681   601   596   596   596   596
        673   601   681   596   681   606   601   634   601   673
        681   681   681   601   682   673   681   673   681   682
        682   682   682   681   688   681   682   688   681   688
        686   686   688   682   708   682   686   693   682   693
        688   688   708   688   714   686   688   700   688   714
        708   708   714   708   715   688   708   714   708   765
        714   714   715   714   725   708   714   765   714   821
        715   715   845   715   845   715   715   839   715   839
        843   845   863   845   863   843   843   856   843   856
        863   863  1373   863  1373   863   863   863   863   863
  
  
CYCLE:    34
ENSEMBLE  1     2     3     4     5     6     7     8     9    10
  
         14    14    14    14    14    14    14    14    14    14
        125    62   125   125    62   125   125   125    62    62
        304   125   156   374   125   374   374   374   304   125
        374   382   374   507   382   377   382   377   382   304
        382   507   377   516   507   382   507   382   516   382
        507   516   382   517   516   507   516   507   517   507
        516   517   507   540   517   516   517   516   570   516
        517   540   516   596   536   517   536   517   596   517
        540   596   517   681   540   536   540   540   681   540
        596   681   540   681   596   540   596   681   681   596
        681   681   681   693   681   681   681   681   683   681
        681   693   681   741   681   681   681   693   709   681
        741   741   741   755   691   691   691   741   755   741
        755   755   755   756   693   693   693   755   756   755
        756   756   756   765   741   741   741   756   796   756
        765   765   765   796   755   755   755   765   821   765
        796   796   796   821   756   756   796   796   839   796
        821   821   821   839   796   796   802   821   839   821
        839   839   839   866   821   821   821   839   860   839
        866   866   866   884   839   839   839   866   860   866
  
  
CYCLE:    35
ENSEMBLE  1     2     3     4     5     6     7     8     9    10
  
          9     9     9     9     9     9     9     9     9     9
        304   156    71   156   156    71   156    71    71    71
        316   304   156   304   304   156   304   156   304   304
        316   316   304   316   316   304   316   304   316   316
        449   449   316   449   449   316   449   316   316   316
        475   490   449   490   490   449   490   449   449   449
        490   516   490   516   516   489   516   490   475   475
        516   525   516   525   525   490   525   516   490   490
        525   530   525   530   530   516   530   525   516   516
        530   537   530   676   537   525   534   530   525   525
        537   682   534   682   682   530   676   682   530   530
        676   682   682   682   682   676   682   682   534   676
        682   699   682   699   699   682   682   722   676   682
        682   722   722   722   722   682   699   725   682   682
        699   725   725   733   725   722   722   735   682   722
        722   741   741   741   741   741   741   741   722   735
        741   748   748   748   842   748   748   842   741   741
        842   842   842   842   842   842   842   842   842   842
        842   842   842   842   863   842   842   863   842   842
        867   863   863   863   867   863   863   867   867   867
  
  
CYCLE:    36
ENSEMBLE  1     2     3     4     5     6     7     8     9    10
  
         73    73    73    73    73    69    73    73    73    73
        158   158   158   158   158    73   158   158   158   158
        395   395   281   383   387   158   383   383   383   270
        464   464   383   387   395   270   395   395   395   387
        481   481   395   395   464   387   481   481   481   464
        508   508   481   493   493   395   508   508   508   514
        514   514   508   508   508   464   526   523   523   516
        523   523   523   516   514   508   530   526   526   517
        526   526   526   540   516   514   540   530   530   523
        530   530   540   679   540   516   679   540   540   540
        540   540   679   681   681   516   681   679   679   592
        681   681   681   681   681   526   681   681   681   681
        681   681   681   702   692   540   708   681   681   681
        692   692   708   735   702   681   735   708   702   692
        708   702   745   745   745   681   745   745   745   702
        745   745   769   788   752   692   769   760   760   745
        767   767   803   796   767   702   803   769   788   767
        803   803   818   818   796   745   818   818   818   796
        841   841   841   841   841   767   841   841   841   841
        841   841   841   841   841   841   841   841   841   841
  
  
CYCLE:    37
ENSEMBLE  1     2     3     4     5     6     7     8     9    10
  
         79    79    79   100    79    79   317    79   317    84
        100   100   100   108   108   108   374   119   374   100
        119   119   317   268   119   119   374   374   374   268
        374   374   374   374   374   374   382   374   382   374
        374   374   374   374   374   374   439   382   439   374
        382   382   382   382   382   382   507   439   507   382
        439   439   439   439   439   439   513   476   513   433
        476   476   476   507   476   476   513   513   513   507
        513   513   513   513   513   513   514   513   514   513
        513   513   513   513   513   513   517   514   517   513
        514   514   514   514   514   514   517   517   517   514
        517   517   517   517   517   517   537   517   537   517
        517   517   517   517   517   517   598   537   598   517
        537   537   537   526   537   537   649   598   649   530
        598   598   598   537   598   598   674   674   674   537
        674   674   618   598   674   674   680   698   680   598
        688   698   674   674   680   680   688   700   700   674
        698   700   680   680   700   688   752   752   752   680
        761   761   688   688   752   752   761   761   761   688
        762   762   761   761   761   761   859   762   859   761
  
  
CYCLE:    38
ENSEMBLE  1     2     3     4     5     6     7     8     9    10
  
         10    10    10    10    10    10    10    10    10    10
         16    16    16    16    16    16    16    16    16    16
         18    18    18    18    18    18    18    18    18    18
        305   305   281   207   305   281   281   207    80   207
        306   306   305   305   377   305   305   281   123   281
        377   377   306   306   434   306   306   305   305   305
        434   434   377   377   434   377   377   306   377   306
        434   434   434   434   476   434   434   377   434   377
        476   476   434   434   516   434   434   434   434   434
        516   516   476   516   592   476   476   434   516   434
        592   592   516   592   601   516   516   516   592   516
        601   601   592   601   692   592   592   592   600   592
        692   692   601   692   726   601   708   601   601   708
        726   726   726   726   728   726   726   726   692   726
        728   728   728   728   753   728   728   728   726   728
        753   753   753   753   786   753   753   753   728   753
        786   787   786   786   821   787   787   786   753   786
        821   821   821   821   839   821   821   821   786   821
        839   839   839   839   839   839   839   839   839   839
        839   839   839   839   880   839   839   839   839   839
  
  
CYCLE:    39
ENSEMBLE  1     2     3     4     5     6     7     8     9    10
  
          3     3     3     3     3     3     3     3     3     3
          4     4     4     4     4     4     4     4     4     4
          4     4     4     4     4     4     4     4     4     4
          9     7     9     7     7     9     7     7     7     7
         72     9    72     7     9    72     9     9     9     7
        304    72   378     9    72   378   378    72    72     9
        378   299   393    72   393   393   378   378   378    72
        393   512   515   378   512   441   507   393   393   512
        515   515   526   393   515   515   515   515   515   515
        526   526   599   515   526   526   681   526   526   526
        599   599   679   526   599   599   681   599   592   599
        679   679   681   599   679   679   699   679   599   681
        681   681   686   602   681   681   729   681   602   729
        686   686   699   679   686   686   737   686   679   737
        727   737   727   681   699   727   741   699   681   741
        737   741   737   686   737   737   753   737   727   753
        741   753   741   737   741   741   794   741   737   794
        753   816   753   741   753   753   816   753   741   816
        816   839   816   816   816   816   839   816   816   839
        839   876   839   839   839   839   863   839   839   863
  
  
CYCLE:    40
ENSEMBLE  1     2     3     4     5     6     7     8     9    10
  
         17    10    17    17    10    17    10    17    10    17
         71    17    71    32    17    32    17    32    17    32
        156   156   156   156    71    71   156    71   156    71
        448   497   448   513   156   156   463   156   472   156
        513   513   513   517   513   513   472   513   481   513
        517   517   517   526   517   516   497   517   513   517
        526   523   526   530   523   526   513   526   517   526
        530   526   530   544   526   530   516   530   523   530
        544   530   544   604   530   544   526   544   526   544
        681   544   681   681   544   613   530   558   530   681
        686   604   686   686   681   681   544   681   544   686
        692   681   692   692   686   686   604   686   604   698
        700   686   700   700   689   698   613   692   681   700
        726   689   720   720   692   726   681   700   686   726
        738   692   726   726   700   738   686   726   692   738
        750   700   738   738   726   752   692   738   720   750
        752   726   750   750   752   766   726   750   726   752
        840   840   840   840   840   840   840   840   840   840
        844   844   844   844   844   844   844   844   844   844
        863   863   863   863   863   863   863   863   863   863
  
  
CYCLE:    41
ENSEMBLE  1     2     3     4     5     6     7     8     9    10
  
         10    10    10    10    10    10    10    10    10    10
         15    15    15    15    15    15    15    15    15    15
         71    71    71    71    71    71    71    71    71    71
         73    73    73    73    73    73    73    73    73    73
        156   126   156   156   126   156   156   156   156   156
        181   156   181   181   156   181   181   181   181   181
        284   282   282   282   284   282   282   282   284   282
        450   292   450   450   450   450   450   292   450   450
        477   298   477   477   477   477   477   298   477   477
        513   450   513   513   513   513   513   450   513   513
        514   513   514   514   514   518   514   513   514   514
        518   514   518   518   518   526   518   514   518   518
        526   518   526   526   526   533   526   518   526   526
        679   526   679   533   679   679   679   526   679   533
        682   679   682   679   682   682   682   679   682   679
        706   682   706   682   722   706   706   682   706   682
        722   724   722   706   724   724   724   706   724   706
        724   739   724   724   739   739   739   724   739   724
        739   765   739   739   791   765   796   739   765   739
        796   791   796   765   796   841   803   765   796   803
  
  
CYCLE:    42
ENSEMBLE  1     2     3     4     5     6     7     8     9    10
  
          6     6     6     6     6     6     6     6     6     6
         16    16    16    16    16    16    16    16    16    16
         62    62    62    62    62    62    62    62    62    62
        277   281   277   281   281   281   265   277   277   277
        375   375   375   314   314   375   277   314   314   314
        454   507   507   375   375   507   375   375   375   375
        507   531   531   507   507   531   507   454   507   507
        531   571   573   531   531   596   571   507   571   531
        596   596   596   596   596   597   596   531   596   596
        597   635   597   597   597   597   604   596   604   597
        635   635   635   635   635   635   635   597   635   635
        635   678   635   635   635   635   635   635   635   635
        678   686   678   678   678   678   678   635   678   678
        686   688   686   686   684   684   686   678   688   688
        693   693   688   688   686   693   688   686   688   688
        693   693   693   693   693   709   693   693   693   693
        709   709   693   693   709   725   693   709   709   709
        769   769   709   709   725   769   709   725   725   725
        838   838   769   769   769   838   769   769   769   769
        865   865   838   838   838   865   838   838   838   838
  
  
CYCLE:    43
ENSEMBLE  1     2     3     4     5     6     7     8     9    10
  
          6     6     7     6    73    73     6     6     6    73
         73     7    73    73   136   313   136     7    73   313
        445    73   136   136   313   445   445    73   445   445
        445   136   313   445   444   508   445   445   445   508
        508   444   444   445   508   514   508   445   508   514
        514   445   508   508   514   517   514   508   514   517
        517   508   514   514   517   520   517   514   517   520
        520   514   517   517   520   526   520   517   520   526
        526   517   520   520   526   596   520   520   526   596
        596   520   526   526   588   604   526   526   596   604
        604   526   588   596   596   613   596   596   604   613
        604   588   596   604   604   673   604   604   613   673
        613   596   604   604   604   685   673   613   673   685
        673   604   613   613   613   688   685   673   685   688
        680   613   673   673   673   693   698   685   693   698
        685   673   685   680   680   698   748   698   698   698
        698   685   688   685   685   767   767   767   767   767
        850   767   767   850   688   850   850   850   850   850
        866   850   850   866   850   866   866   866   866   866
        897   897   897   897   897   897   897   897   897   897
  
  
CYCLE:    44
ENSEMBLE  1     2     3     4     5     6     7     8     9    10
  
          9     9     9     9     9     9     9     9     9     9
         17    70    72    17    17    17    70    32    17    17
         70    72   272    72    70    70    72    72    70    70
         72   272   372   272    72    72   272   272    72    72
        272   372   434   434   272   272   372   396   272   272
        434   434   435   446   434   434   434   434   434   434
        446   435   446   463   446   435   446   435   435   435
        463   446   463   490   463   446   463   446   446   446
        490   463   491   526   491   463   491   463   463   463
        526   491   526   681   526   526   505   490   491   490
        673   505   683   683   673   683   526   526   526   526
        683   526   693   693   683   693   681   683   683   683
        694   683   694   694   694   694   683   693   693   693
        698   693   698   727   698   698   693   694   694   694
        727   694   727   738   727   727   694   727   727   727
        738   738   738   767   738   738   738   738   738   738
        767   767   767   840   767   767   767   767   767   767
        840   840   840   841   840   840   840   840   840   840
        841   841   841   841   841   841   841   841   841   841
        841   841   841   881   841   841   841   841   841   841
  
  
CYCLE:    45
ENSEMBLE  1     2     3     4     5     6     7     8     9    10
  
         16    64    16    64    64    16    16    16    64    16
         64   279    64    80   279    64    64    64   316    64
        281   316   281   279   292   279    80   279   376   292
        376   376   292   281   316   281   281   292   381   298
        381   381   376   316   376   376   292   298   481   376
        481   481   381   375   381   381   376   376   512   381
        514   512   514   381   512   481   381   381   514   512
        613   514   613   481   514   514   505   512   613   514
        670   613   670   505   613   613   514   514   642   613
        678   642   678   514   642   670   613   613   678   642
        678   678   678   604   678   678   642   642   678   678
        682   678   682   642   678   678   678   678   682   678
        688   682   688   678   682   682   678   678   688   682
        698   688   698   678   688   688   682   682   698   688
        714   714   714   682   714   714   698   688   714   698
        723   723   723   723   723   723   723   714   723   714
        750   750   750   750   750   750   750   750   750   750
        753   753   753   753   753   753   753   753   753   753
        818   818   818   818   818   818   818   818   818   818
        843   843   843   843   843   843   843   843   843   843
  
  
CYCLE:    46
ENSEMBLE  1     2     3     4     5     6     7     8     9    10
  
          9     9     9     9     9     9     9     9     9     9
         56    56    56    56    56    56    56    56    56    56
         73    73    73    73    73    73    73    73    73    73
        304    74   304   315   304    74   315    74   304    74
        376   304   383   383   383   304   383   304   383   315
        383   383   388   388   388   376   388   383   388   383
        388   388   435   449   435   383   449   388   449   388
        454   449   449   454   449   388   454   449   454   449
        477   491   454   477   454   477   477   477   477   477
        491   497   477   491   477   491   491   491   491   491
        508   508   491   508   491   497   508   497   508   504
        514   518   508   515   504   508   514   508   514   508
        515   637   515   518   508   515   515   518   515   514
        518   674   518   674   514   518   518   637   518   518
        674   688   672   688   515   674   674   674   672   637
        688   688   674   688   518   688   688   688   674   674
        688   716   688   716   674   688   688   688   688   688
        716   725   716   738   688   716   716   716   716   688
        738   738   738   756   716   738   738   738   738   716
        756   846   846   846   756   846   756   846   855   756
  
  
CYCLE:    47
ENSEMBLE  1     2     3     4     5     6     7     8     9    10
  
          7     7     7     7     7     7     7     7     7     7
          7     7     7     7     7     7     7     7     7     7
        125    80   125   125    80   125   125   125   125   125
        207   125   305   272   125   207   377   377   305   377
        305   305   377   305   305   305   379   379   379   379
        377   377   379   377   377   377   392   392   392   392
        379   379   392   379   379   379   435   435   435   435
        392   379   435   379   379   392   516   516   516   516
        435   392   516   392   392   435   517   517   517   517
        516   516   517   516   516   516   525   525   525   525
        517   517   525   517   517   517   530   530   530   530
        525   523   530   523   523   525   530   530   584   584
        530   525   530   525   525   530   591   591   591   591
        530   584   584   530   584   530   682   682   682   682
        591   682   591   591   612   591   724   724   683   683
        670   683   612   682   682   612   736   736   691   724
        682   774   670   785   683   670   755   785   739   739
        788   788   682   788   774   682   788   788   788   788
        795   795   788   795   788   788   795   795   795   795
        840   840   840   840   840   840   840   840   840   840
  
  
CYCLE:    48
ENSEMBLE  1     2     3     4     5     6     7     8     9    10
  
         10    10    10    10    10    10    10    10    10    10
         15    15    15    15    15    15    15    15    15    15
         32    32    32    74    74   372    56    74    74    56
        377    74    56   156   156   377    74   372   156    74
        377   377    74   372   372   377   156   377   372   372
        446   377   377   377   377   446   372   377   377   377
        508   508   377   523   527   508   377   527   508   377
        527   523   527   537   537   527   527   537   537   527
        540   537   537   554   596   537   537   540   552   537
        596   540   540   596   603   540   596   596   596   540
        603   554   596   676   676   596   603   603   603   596
        607   596   678   678   678   678   676   678   676   603
        678   678   679   679   679   679   678   679   678   678
        679   679   745   708   708   686   679   745   679   679
        686   745   752   745   745   745   708   752   708   745
        745   761   761   752   752   761   745   761   745   752
        761   818   818   818   818   818   752   818   818   761
        818   818   818   818   818   818   818   818   818   818
        818   838   838   838   838   838   818   838   838   818
        838   864   852   864   864   852   838   864   864   838
  
  
CYCLE:    49
ENSEMBLE  1     2     3     4     5     6     7     8     9    10
  
          7    61    64    64     7    61     7     7     7     7
         64    64   376    79    64    64   156    64    64    64
        376   156   382   156   376   156   313   270   156   376
        382   382   384   376   382   382   376   376   376   382
        384   384   436   382   384   384   382   382   382   384
        436   515   515   384   515   436   384   515   515   515
        515   529   529   515   529   515   515   529   529   529
        529   530   530   529   540   529   529   540   540   540
        540   540   540   530   542   530   540   598   598   542
        542   598   542   540   598   540   598   604   604   598
        598   604   598   598   604   598   604   678   678   604
        604   678   604   604   683   604   678   683   683   678
        727   683   678   678   727   678   683   720   727   683
        750   727   727   683   750   727   727   727   748   727
        757   757   757   720   757   757   757   748   757   750
        767   762   762   727   767   762   762   757   762   757
        769   769   769   757   769   769   769   769   769   769
        818   818   818   769   818   818   818   818   818   818
        828   828   828   818   828   828   828   828   828   828
        840   840   840   828   840   840   840   840   840   840
  
  
CYCLE:    50
ENSEMBLE  1     2     3     4     5     6     7     8     9    10
  
         79    18    79    18    18    79    18    18    61    18
        281    79   281    79    79   273    79    79    79    79
        376   273   376   273   281   281   182   281   273   273
        381   281   444   281   376   376   273   376   281   281
        444   376   449   376   381   449   281   381   376   376
        449   381   487   381   444   487   376   444   449   381
        487   449   513   449   449   513   381   449   487   449
        513   487   530   487   487   530   449   487   513   487
        530   513   530   513   513   530   513   513   530   513
        530   514   596   530   530   596   514   530   530   530
        596   530   597   530   530   597   530   530   596   530
        597   530   674   596   596   674   530   596   597   596
        674   596   681   597   597   681   596   597   674   597
        681   597   724   674   674   724   597   674   681   674
        702   674   729   681   681   729   674   681   724   681
        724   681   756   755   755   756   681   756   756   756
        755   755   768   756   756   768   755   803   768   768
        756   756   818   768   768   818   756   818   818   818
        818   768   841   818   818   841   768   841   841   841
        841   818   856   841   841   855   818   855   855   855
  
  
