### DATA:
#
# 239
#      Q             I(Q)           Error     
1.25505579E-02  1.67005310E-02  2.14828454E-03
1.36111684E-02  1.63033406E-02  1.86195289E-03
1.46717790E-02  1.41715780E-02  1.64445988E-03
1.57323895E-02  1.59995357E-02  1.44468644E-03
1.67930000E-02  1.57545159E-02  1.33868802E-03
1.78536105E-02  1.52158750E-02  1.21169925E-03
1.89142211E-02  1.59640585E-02  1.16603991E-03
1.99748316E-02  1.54031167E-02  1.10756915E-03
2.10354421E-02  1.44840106E-02  1.04996393E-03
2.20960526E-02  1.34154422E-02  9.96202654E-04
2.31566632E-02  1.31925233E-02  9.67053691E-04
2.42172737E-02  1.47041902E-02  9.27630385E-04
2.52778842E-02  1.25400436E-02  8.54765346E-04
2.63384948E-02  1.35678252E-02  8.11185461E-04
2.73991053E-02  1.27071179E-02  7.85520394E-04
2.84597158E-02  1.20676855E-02  3.48640512E-04
2.95203263E-02  1.21828218E-02  3.33286876E-04
3.05809369E-02  1.17738719E-02  3.23717439E-04
3.16415474E-02  1.14617844E-02  3.14038316E-04
3.27021579E-02  1.14785135E-02  3.04693397E-04
3.37627684E-02  1.11633291E-02  2.93970075E-04
3.48233790E-02  1.06756762E-02  2.89725243E-04
3.58839895E-02  1.07326731E-02  2.79231847E-04
3.69446000E-02  1.03533560E-02  2.73405163E-04
3.80052105E-02  1.01150423E-02  2.65198962E-04
3.90658211E-02  9.48971324E-03  2.62655150E-04
4.01264316E-02  9.66193713E-03  2.54968787E-04
4.11870421E-02  9.55281034E-03  2.52247603E-04
4.22476527E-02  9.39639782E-03  2.46596684E-04
4.33082632E-02  8.76186726E-03  2.39976330E-04
4.43688737E-02  8.74141914E-03  2.35782498E-04
4.54294842E-02  8.46296921E-03  2.33841536E-04
4.64900948E-02  8.47921396E-03  2.29217602E-04
4.75507053E-02  8.01482114E-03  2.23685811E-04
4.86113158E-02  7.82462768E-03  2.20827173E-04
4.96719263E-02  7.79306951E-03  2.18587687E-04
5.07325369E-02  7.62672847E-03  2.18122707E-04
5.17931474E-02  7.29544461E-03  2.18005856E-04
5.28537579E-02  6.88453267E-03  2.20190926E-04
5.39143685E-02  6.90334849E-03  2.18305781E-04
5.49749790E-02  6.84055438E-03  2.18743590E-04
5.60355895E-02  6.41523550E-03  2.15884420E-04
5.70962000E-02  6.53230088E-03  2.12412788E-04
5.81568106E-02  6.42643869E-03  2.06126281E-04
5.92174211E-02  6.08003574E-03  2.02140657E-04
6.02780316E-02  5.78411420E-03  1.97119526E-04
6.13386421E-02  5.79717134E-03  1.94506120E-04
6.23992527E-02  5.60315885E-03  1.92003362E-04
6.34598632E-02  5.54058577E-03  1.90794448E-04
6.45204737E-02  5.49057933E-03  1.86794130E-04
6.55810842E-02  5.48110406E-03  1.84081543E-04
6.66416948E-02  5.27111565E-03  1.82529583E-04
6.77023053E-02  4.96748028E-03  1.81157708E-04
6.87629158E-02  4.80995638E-03  1.76537107E-04
6.98235264E-02  4.76410923E-03  1.75856388E-04
7.08841369E-02  4.34125898E-03  1.73940795E-04
7.19447474E-02  4.32177509E-03  1.71287216E-04
7.30053579E-02  4.40670891E-03  1.70977706E-04
7.40659685E-02  4.33245363E-03  1.68728554E-04
7.51265790E-02  4.17697492E-03  1.65905279E-04
7.61871895E-02  3.95408614E-03  1.64054883E-04
7.72478000E-02  4.00310258E-03  1.64003493E-04
7.83084106E-02  4.02728717E-03  1.61698635E-04
7.93690211E-02  3.87254016E-03  1.60402248E-04
8.04296316E-02  3.66878572E-03  1.58923261E-04
8.14902422E-02  3.50290382E-03  1.57509979E-04
8.25508527E-02  3.54891829E-03  1.55232330E-04
8.36114632E-02  3.49294829E-03  1.57877446E-04
8.46720737E-02  3.29871320E-03  1.58968348E-04
8.57326843E-02  3.25441640E-03  1.57968639E-04
8.67932948E-02  3.21062530E-03  1.53808875E-04
8.78539053E-02  3.22879292E-03  1.52487559E-04
8.89145158E-02  3.07813721E-03  1.51857488E-04
8.99751264E-02  2.94472743E-03  1.53798114E-04
9.10357369E-02  3.04832713E-03  1.52956953E-04
9.20963474E-02  2.92430756E-03  1.54121721E-04
9.31569579E-02  2.97496592E-03  1.54437575E-04
9.42175685E-02  2.77734672E-03  1.58203214E-04
9.52781790E-02  2.81568120E-03  1.60322161E-04
9.63387895E-02  2.74767416E-03  1.59968785E-04
9.73994001E-02  2.74252550E-03  1.61079627E-04
9.84600106E-02  2.59794046E-03  1.61097902E-04
9.95206211E-02  2.57902189E-03  1.61485017E-04
1.00581232E-01  2.70134211E-03  1.56383224E-04
1.01641842E-01  2.58256091E-03  1.55432849E-04
1.02702453E-01  2.48938613E-03  1.55510360E-04
1.03763063E-01  2.26862263E-03  1.53937862E-04
1.04823674E-01  2.30167899E-03  1.52415053E-04
1.05884284E-01  2.23831770E-03  1.52467333E-04
1.06944895E-01  2.24851382E-03  1.52366505E-04
1.08005505E-01  2.36748842E-03  1.50744757E-04
1.09066116E-01  2.30091251E-03  1.49555392E-04
1.10126726E-01  2.26612296E-03  1.49006793E-04
1.11187337E-01  2.32303639E-03  1.48509249E-04
1.12247947E-01  2.22261405E-03  1.48666045E-04
1.13308558E-01  2.12809412E-03  1.47347672E-04
1.14369168E-01  2.11355556E-03  1.46793912E-04
1.15429779E-01  2.12387213E-03  1.46928636E-04
1.16490390E-01  2.06676343E-03  1.46443165E-04
1.17551000E-01  1.92924030E-03  1.45847071E-04
1.18611611E-01  2.12227181E-03  1.44089324E-04
1.19672221E-01  1.86577253E-03  1.44515559E-04
1.20732832E-01  1.65536255E-03  1.44013254E-04
1.21793442E-01  1.90565332E-03  1.42982409E-04
1.22854053E-01  1.86382327E-03  1.42711941E-04
1.23914663E-01  1.76387218E-03  1.42792300E-04
1.24975274E-01  1.86768267E-03  1.42351477E-04
1.26035884E-01  1.85049294E-03  1.43475915E-04
1.27096495E-01  1.77166487E-03  1.44643212E-04
1.28157105E-01  1.64688875E-03  1.46932336E-04
1.29217716E-01  1.59018828E-03  1.47780364E-04
1.30278326E-01  1.68534586E-03  1.47744703E-04
1.31338937E-01  1.61393608E-03  1.48935962E-04
1.32399547E-01  1.50702428E-03  1.45717959E-04
1.33460158E-01  1.68981403E-03  1.43087620E-04
1.34520769E-01  1.72088668E-03  1.42277592E-04
1.35581379E-01  1.50121097E-03  1.41854143E-04
1.36641990E-01  1.58316114E-03  1.39743278E-04
1.37702600E-01  1.48885945E-03  1.39554961E-04
1.38763211E-01  1.37117039E-03  1.38952627E-04
1.39823821E-01  1.34240525E-03  1.38037217E-04
1.40884432E-01  1.47505198E-03  1.37731119E-04
1.41945042E-01  1.54852060E-03  1.37129471E-04
1.43005653E-01  1.43551733E-03  1.36657034E-04
1.44066263E-01  1.51257652E-03  1.35827669E-04
1.45126874E-01  1.47894801E-03  1.35774897E-04
1.46187484E-01  1.43221424E-03  1.35274356E-04
1.47248095E-01  1.19144097E-03  1.34248922E-04
1.48308705E-01  1.20624279E-03  1.33773830E-04
1.49369316E-01  1.30606815E-03  1.33592587E-04
1.50429926E-01  1.35039600E-03  1.33685590E-04
1.51490537E-01  1.19257346E-03  1.32406116E-04
1.52551147E-01  1.26623083E-03  1.32033425E-04
1.53611758E-01  1.23033362E-03  1.31617634E-04
1.54672369E-01  1.32196397E-03  1.30405395E-04
1.55732979E-01  1.29523873E-03  1.30216503E-04
1.56793590E-01  1.30226184E-03  1.29289039E-04
1.57854200E-01  1.39533356E-03  1.29133462E-04
1.58914811E-01  1.19881798E-03  1.28324752E-04
1.59975421E-01  1.17932695E-03  1.27983618E-04
1.61036032E-01  1.09206264E-03  1.27710470E-04
1.62096642E-01  1.16574330E-03  1.27325363E-04
1.63157253E-01  1.13939183E-03  1.26420013E-04
1.64217863E-01  1.08569829E-03  1.27100859E-04
1.65278474E-01  1.21367195E-03  1.25590824E-04
1.66339084E-01  1.05818392E-03  1.25974780E-04
1.67399695E-01  1.17974697E-03  1.25378733E-04
1.68460305E-01  1.16669200E-03  1.27695490E-04
1.69520916E-01  1.08112705E-03  1.29025054E-04
1.70581526E-01  9.73154480E-04  1.30142762E-04
1.71642137E-01  1.02249378E-03  1.31189399E-04
1.72702747E-01  9.91406230E-04  1.32139231E-04
1.73763358E-01  9.72574577E-04  1.31411222E-04
1.74823969E-01  1.11244805E-03  1.33127358E-04
1.75884579E-01  9.86027221E-04  1.32932764E-04
1.76945190E-01  9.65954736E-04  1.32695276E-04
1.78005800E-01  1.05231442E-03  1.33602602E-04
1.79066411E-01  1.11902164E-03  1.33884133E-04
1.80127021E-01  1.05240134E-03  1.33337306E-04
1.81187632E-01  9.48053785E-04  1.34362238E-04
1.82248242E-01  9.10508446E-04  1.34693109E-04
1.83308853E-01  8.83444212E-04  1.34479211E-04
1.84369463E-01  9.23061122E-04  1.34647271E-04
1.85430074E-01  9.05704995E-04  1.35123136E-04
1.86490684E-01  9.79700436E-04  1.35851882E-04
1.87551295E-01  8.14230492E-04  1.34876773E-04
1.88611905E-01  9.52666004E-04  1.35293879E-04
1.89672516E-01  8.33290629E-04  1.35834609E-04
1.90733126E-01  7.20564897E-04  1.35568959E-04
1.91793737E-01  9.39515109E-04  1.35325074E-04
1.92854347E-01  7.75237878E-04  1.35364220E-04
1.93914958E-01  8.38157410E-04  1.34727218E-04
1.94975569E-01  8.21535786E-04  1.35344841E-04
1.96036179E-01  7.66760049E-04  1.35140329E-04
1.97096790E-01  8.23796416E-04  1.34963784E-04
1.98157400E-01  7.94862397E-04  1.34259636E-04
1.99218011E-01  9.18064887E-04  1.34575910E-04
2.00278621E-01  9.42432322E-04  1.35213383E-04
2.01339232E-01  8.80629756E-04  1.36904753E-04
2.02399842E-01  5.77754341E-04  1.39534776E-04
2.03460453E-01  7.12101969E-04  1.42442918E-04
2.04521063E-01  7.33740007E-04  1.43500554E-04
2.05581674E-01  6.15178297E-04  1.44671237E-04
2.06642284E-01  7.14382467E-04  1.45279062E-04
2.07702895E-01  6.99226744E-04  1.47296389E-04
2.08763505E-01  7.38070657E-04  1.47819369E-04
2.09824116E-01  7.69369925E-04  1.49313949E-04
2.10884726E-01  8.24162116E-04  1.50399547E-04
2.11945337E-01  6.36816956E-04  1.50819244E-04
2.13005947E-01  7.23741949E-04  1.51914266E-04
2.14066558E-01  5.50369111E-04  1.52621006E-04
2.15127169E-01  6.58825040E-04  1.53596447E-04
2.16187779E-01  6.44504403E-04  1.54555546E-04
2.17248390E-01  6.74758106E-04  1.54803583E-04
2.18309000E-01  6.74188758E-04  1.54761281E-04
2.19369611E-01  7.17410507E-04  1.56086677E-04
2.20430221E-01  8.15181372E-04  1.56836251E-04
2.21490832E-01  5.45376291E-04  1.57044133E-04
2.22551442E-01  6.19392532E-04  1.56979260E-04
2.23612053E-01  5.77945262E-04  1.56067209E-04
2.24672663E-01  7.44589294E-04  1.57920633E-04
2.25733274E-01  5.54188776E-04  1.57320445E-04
2.26793884E-01  5.77022322E-04  1.57789031E-04
2.27854495E-01  4.98663013E-04  1.57708133E-04
2.28915105E-01  5.57067804E-04  1.57908543E-04
2.29975716E-01  5.52326751E-04  1.58362350E-04
2.31036326E-01  5.27615659E-04  1.58651643E-04
2.32096937E-01  5.02003978E-04  1.57399910E-04
2.33157548E-01  6.72050752E-04  1.59046727E-04
2.34218158E-01  4.76418063E-04  1.59230650E-04
2.35278769E-01  5.13373253E-04  1.59068995E-04
2.36339379E-01  6.47008419E-04  1.58104631E-04
2.37399990E-01  5.21781544E-04  1.59934812E-04
2.38460600E-01  6.72675048E-04  1.59304501E-04
2.39521211E-01  5.80923011E-04  1.59694733E-04
2.40581821E-01  5.81811803E-04  1.59491885E-04
2.41642432E-01  5.95819515E-04  1.59659874E-04
2.42703042E-01  6.00241435E-04  1.59469182E-04
2.43763653E-01  5.15419059E-04  1.60037045E-04
2.44824263E-01  4.96072384E-04  1.59788616E-04
2.45884874E-01  3.36354598E-04  1.59626247E-04
2.46945484E-01  7.05727376E-04  1.59866501E-04
2.48006095E-01  5.18957774E-04  1.60032035E-04
2.49066705E-01  3.79944220E-04  1.60231773E-04
2.50127316E-01  4.13686037E-04  1.59989649E-04
2.51187926E-01  6.40717645E-04  1.60356806E-04
2.52248537E-01  4.39929155E-04  1.60609916E-04
2.53309148E-01  5.28715551E-04  1.60401541E-04
2.54369758E-01  5.10705945E-04  1.60741955E-04
2.55430369E-01  4.59222433E-04  1.61218528E-04
2.56490979E-01  7.03206286E-04  1.60711528E-04
2.57551590E-01  3.32207729E-04  1.62767727E-04
2.58612200E-01  4.80200164E-04  1.69492521E-04
2.59672811E-01  3.28435563E-04  1.74849695E-04
2.60733421E-01  5.24368758E-04  1.79625385E-04
2.61794032E-01  4.72244186E-04  1.83536995E-04
2.62854642E-01  3.67192241E-04  1.86977722E-04
2.63915253E-01  4.74719020E-04  1.89321338E-04
2.64975863E-01  5.82871338E-04  1.91786162E-04


### HEADER:
#
#{
#    "analysis": {
#        "guinier": {
#            "I0": "0.0166515597024719",
#            "I0_autorg_err": -1,
#            "I0_err": 0.00040683944501558703,
#            "I0_est_err": 7.039993102526578e-05,
#            "I0_fit_err": 0.00040683944501558703,
#            "Rg": "32.55857789855414",
#            "Rg_autorg_err": -1,
#            "Rg_err": 0.9760378367520994,
#            "Rg_est_err": 0.2136324205567802,
#            "Rg_fit_err": 0.9760378367520994,
#            "nEnd": 26,
#            "nStart": 0,
#            "qEnd": "0.04013",
#            "qRg_max": "1.3064595490396045",
#            "qRg_min": "0.4086283170574641",
#            "qStart": "0.01255",
#            "rsq": "0.9378472247887967"
#        }
#    },
#    "counters": {
#        "comment": ""
#    },
#    "filename": "PAR22na.dat",
#    "history": {},
#    "unit": ""
#}

