 Wed Apr 19 12:19:06 2023
CYCLE:     1
ENSEMBLE  1     2     3     4     5     6     7     8     9    10
  
          6     6     6     6    15     9    15    15     6    15
          9    15    15     9    54    15    54    54    15    54
         15    54    54    15   374    54   374   374    54   374
         54   374   316    54   383   374   380   392   374   392
        316   381   374   374   392   392   392   395   392   395
        374   392   392   392   517   395   395   517   395   517
        392   513   517   395   533   513   517   533   517   523
        513   517   533   513   537   517   533   537   533   533
        517   533   537   517   540   533   537   540   537   537
        533   537   540   533   604   537   540   604   540   540
        537   540   604   537   604   540   604   604   604   683
        540   604   604   540   683   604   673   683   604   694
        604   604   683   604   709   604   694   709   683   709
        604   683   685   604   726   726   709   726   685   726
        726   726   709   726   731   731   731   731   709   731
        757   757   726   757   757   785   757   785   726   757
        786   786   786   786   786   786   786   786   786   786
        838   838   838   838   838   838   838   838   838   838
        842   842   842   842   842   842   842   842   842   842
        842   842   842   842   842   842   842   842   842   842
  
  
CYCLE:     2
ENSEMBLE  1     2     3     4     5     6     7     8     9    10
  
         14    14    14    14    14    14    14    14    14    14
        436   436   377   436   436   377   436   436   436   436
        436   436   436   436   436   436   436   436   436   436
        503   503   436   503   503   436   503   503   503   503
        503   503   503   503   503   503   503   503   503   503
        513   513   503   513   513   503   513   513   513   513
        513   513   513   513   513   513   513   513   513   513
        513   513   513   513   513   513   513   517   516   517
        592   606   513   606   592   513   592   538   538   538
        606   677   592   677   606   592   606   592   592   592
        677   686   596   686   677   596   677   677   677   592
        682   686   606   686   682   606   682   682   682   677
        686   694   677   694   686   677   686   686   686   682
        696   696   696   709   709   709   709   709   696   708
        709   709   709   726   726   726   726   726   709   709
        726   726   726   748   748   748   748   748   726   726
        748   748   748   752   752   752   752   752   748   748
        838   838   838   838   838   838   838   838   838   838
        838   838   838   838   838   838   838   838   838   838
        897   897   897   897   879   897   897   897   897   897
  
  
CYCLE:     3
ENSEMBLE  1     2     3     4     5     6     7     8     9    10
  
         17    17    17    17    17     9    17    17    17    17
         69    69    69    69    69    17    65    69    69    65
         69    69    69    69    69    65    69    69    69    69
        275   275   275   275   275    69    69   275   275    69
        306   306   306   306   377    69   377   377   377   306
        377   377   377   377   377   377   380   379   380   377
        377   377   379   379   380   380   399   513   513   377
        380   380   513   513   513   446   513   513   513   380
        513   513   513   513   513   513   513   516   516   513
        513   513   516   516   516   513   516   517   517   513
        516   516   517   517   517   516   517   537   537   516
        517   517   544   544   537   517   537   544   544   517
        544   544   568   567   544   537   544   568   568   544
        567   673   673   673   567   544   573   573   573   567
        673   731   728   728   573   568   673   673   673   673
        731   765   731   731   673   728   728   728   728   731
        765   782   765   765   765   765   765   765   765   765
        818   818   818   818   818   818   818   818   818   818
        818   818   818   818   818   818   818   818   818   818
        883   883   883   883   877   883   877   877   877   883
  
  
CYCLE:     4
ENSEMBLE  1     2     3     4     5     6     7     8     9    10
  
         11    11    11    11    11    11    11    11    11    11
         13    13    13    13    12    12    13    13    13    13
        297   270   292   270    13    13   297   270   270   292
        395   297   297   297   297   297   465   292   297   297
        444   476   465   395   444   444   476   297   476   465
        465   477   476   444   465   465   477   476   477   476
        476   481   477   476   476   476   513   477   513   477
        477   513   513   477   477   477   525   513   525   513
        513   525   525   513   513   513   526   525   526   525
        525   526   526   525   525   525   526   526   526   526
        526   526   526   526   526   526   598   526   599   526
        526   599   599   526   526   526   674   599   674   598
        674   674   674   674   599   598   683   674   683   674
        683   683   683   683   674   674   699   683   699   683
        709   709   709   709   683   683   709   709   709   709
        709   709   709   709   709   709   709   709   709   709
        742   742   742   742   709   709   742   742   742   742
        768   768   768   768   768   768   768   768   768   768
        818   818   818   818   840   840   818   818   818   818
        840   840   840   840   845   845   840   840   840   840
  
  
CYCLE:     5
ENSEMBLE  1     2     3     4     5     6     7     8     9    10
  
         34     6    34     6     6    34     6     6    34     6
         73    34    73    34    73    73    34    34    73    34
        316    73   316    73   377   316    73    73   380    73
        377   380   380   380   380   380   377   380   380   316
        380   380   380   380   380   380   380   380   491   377
        380   395   476   395   476   476   380   476   513   380
        476   476   513   476   513   513   476   513   525   380
        513   513   525   513   525   525   513   525   525   476
        525   525   525   525   525   525   525   525   533   513
        525   525   533   525   533   533   525   533   541   525
        533   533   533   533   541   533   533   541   599   525
        533   541   541   541   599   541   541   599   682   533
        541   682   682   682   682   682   599   682   683   541
        682   683   683   686   726   683   682   683   726   682
        726   726   726   726   728   726   726   726   728   726
        728   728   728   728   746   728   728   728   731   728
        755   752   752   755   752   755   752   752   752   752
        786   786   786   786   786   786   786   786   786   786
        838   838   838   838   838   838   838   838   838   838
        839   839   839   839   839   839   839   839   839   839
  
  
CYCLE:     6
ENSEMBLE  1     2     3     4     5     6     7     8     9    10
  
         14    14    14    14    14    14    14    14    14    14
         17    17    17    17    17    17    17    17    17    17
        156   284   156   156   156   156   156   283   156   156
        273   298   284   273   284   283   284   298   283   284
        284   374   298   284   298   298   298   374   298   298
        298   444   374   298   304   374   304   444   304   304
        374   516   444   374   374   444   374   516   374   374
        516   540   516   516   516   516   516   540   516   516
        540   678   540   540   540   540   540   678   540   540
        678   681   678   678   678   609   609   681   609   609
        681   685   681   681   681   678   678   685   678   678
        685   709   685   685   685   681   681   709   681   681
        709   709   709   709   709   709   709   709   709   709
        709   723   709   709   709   709   709   723   709   709
        731   731   733   733   733   733   733   731   733   733
        818   818   818   818   818   818   818   818   818   839
        839   839   839   839   839   839   839   839   839   839
        839   839   839   839   839   839   839   840   839   841
        841   841   841   841   841   841   841   841   841   846
        869   869   869   869   869   869   869   869   869   869
  
  
CYCLE:     7
ENSEMBLE  1     2     3     4     5     6     7     8     9    10
  
          6     6     6     6     6     6   121     6     6     6
         10    10    10    10    10     8   378     8    10    10
        121   121   121   121   121   121   384    10   121   121
        384   378   281   378   384   378   395   121   384   281
        395   384   378   384   395   395   491   378   395   384
        512   395   384   395   475   516   516   395   512   395
        516   516   395   516   512   516   516   516   516   512
        516   516   516   516   516   517   517   516   516   516
        517   517   516   517   516   537   537   517   517   516
        537   537   517   537   517   540   540   537   537   517
        540   540   537   540   537   574   574   540   574   537
        583   574   540   574   574   678   678   574   678   540
        678   602   574   678   678   692   692   678   692   583
        692   678   602   692   692   742   742   692   693   678
        742   692   678   742   742   745   745   742   742   742
        745   742   742   745   745   768   768   745   745   745
        757   745   745   757   757   787   787   768   757   757
        787   757   757   787   787   838   838   787   787   787
        838   787   787   838   838   858   858   838   838   838
        857   838   838   858   857   863   863   858   857   857
  
  
CYCLE:     8
ENSEMBLE  1     2     3     4     5     6     7     8     9    10
  
          6     6     6     6     6     6     6     6     6     6
         74    74    74    74    16    74    74    74    74    74
        395   298   156   298    74   156   156   298   156   156
        491   395   156   395   156   156   156   513   156   516
        513   491   516   513   156   395   513   516   395   516
        516   513   516   516   513   513   516   516   513   520
        516   516   520   516   516   516   516   530   516   530
        530   516   530   530   516   516   530   537   516   537
        537   530   537   537   530   530   537   599   530   570
        570   537   598   604   537   537   598   604   537   599
        681   681   681   682   604   604   604   682   604   681
        682   682   682   692   682   682   682   692   682   682
        692   692   692   699   692   692   692   699   692   692
        699   699   699   731   699   699   699   731   699   699
        731   731   731   731   731   731   731   731   731   731
        731   731   731   742   731   731   731   742   731   731
        742   742   742   748   742   742   742   748   742   742
        764   763   748   796   749   748   748   796   749   749
        838   838   838   838   838   838   838   838   838   838
        882   882   882   882   882   882   882   882   882   882
  
  
CYCLE:     9
ENSEMBLE  1     2     3     4     5     6     7     8     9    10
  
         10    10    10    10    10    10    10    10    10    10
         14    14    14    14    14    14    14    14    14    14
         71    71    71    71    80    80    71    71    71    71
         80    80    80    80   156   290    80    80    80    80
        290   290   156   379   290   379   156   156   156   156
        379   379   379   379   379   379   290   290   379   290
        379   379   379   380   379   380   379   379   379   379
        380   380   380   384   380   384   379   379   380   379
        477   477   508   508   477   477   380   380   516   380
        508   516   516   516   508   508   497   508   526   497
        516   526   533   533   516   516   516   516   533   508
        533   533   542   533   542   533   526   533   542   516
        542   542   589   542   673   542   533   542   589   533
        733   733   733   589   733   673   542   733   733   542
        765   765   765   731   765   731   765   765   765   765
        768   768   768   765   768   765   768   768   768   768
        788   788   788   768   788   768   788   768   788   788
        839   839   839   768   839   788   839   839   839   839
        840   840   840   839   840   839   840   840   840   840
        863   863   863   840   863   840   863   863   863   863
  
  
CYCLE:    10
ENSEMBLE  1     2     3     4     5     6     7     8     9    10
  
         52    52    61    71    61    71    61    71    61    61
         71    71    71    80    71    80    79    79    71    80
         79    80   290   380    80   380   160   380    79   380
        380   380   380   482   380   482   380   482   160   482
        482   482   397   482   482   482   482   482   380   482
        482   482   482   513   482   513   482   513   482   513
        513   513   482   516   513   516   513   516   482   516
        516   516   513   567   516   567   516   567   513   571
        567   567   515   574   574   574   571   574   516   574
        574   574   516   609   609   609   609   609   609   609
        609   609   603   609   609   609   609   609   609   609
        609   609   609   691   691   691   691   691   691   691
        691   691   609   709   709   709   709   709   709   709
        709   709   709   709   709   709   709   709   709   709
        709   709   709   738   738   738   738   738   738   738
        738   738   738   738   738   738   738   738   738   738
        738   738   748   748   748   748   748   748   748   748
        748   748   786   786   786   786   786   786   786   786
        786   786   840   840   840   840   840   840   840   840
        840   840   987  1362   977   987   987   987   977   987
  
  
CYCLE:    11
ENSEMBLE  1     2     3     4     5     6     7     8     9    10
  
         14    14    14    14    14    14    14    14    14    14
         79    79    79    79    79    79    79    79    79    79
         79    79    79    79    79    79    79    79    79    79
        125   125   125   125   125   125   125   125   125   125
        287   287   287   287   287   287   287   287   287   287
        316   316   316   316   316   316   292   395   316   292
        477   481   477   481   481   477   316   477   481   316
        481   513   481   513   513   481   477   481   513   477
        513   513   513   513   513   513   513   513   513   513
        513   516   513   516   516   513   513   513   516   513
        516   533   516   533   533   516   516   516   533   516
        533   592   533   592   592   533   533   533   592   533
        592   681   592   681   596   592   592   592   596   592
        681   682   681   682   681   596   681   681   682   596
        682   686   682   686   682   682   682   682   686   682
        696   696   728   724   696   728   696   686   724   728
        728   724   755   755   724   755   728   755   755   755
        761   767   761   767   761   761   761   761   767   761
        767   839   767   839   767   767   767   767   839   767
        839   857   839   857   839   839   839   839   857   839
  
  
CYCLE:    12
ENSEMBLE  1     2     3     4     5     6     7     8     9    10
  
         14    14    14    14    14    14    14    14    14    14
         18    61    72    18    18    72    18    72    61    61
         72    72    79    72    69    79    61    79    72    69
         79    79    79    79    72    79    72    79    79    72
         79    79   125    79    79   125    79   125    79    79
        125   125   287   125    79   473    79   287   125    79
        520   287   476   476   125   520   125   476   287   125
        562   476   520   520   520   562   379   520   379   287
        596   520   562   562   562   596   476   562   476   520
        596   562   596   596   596   596   520   596   520   562
        681   596   596   596   596   681   562   596   562   596
        683   596   600   681   681   681   596   681   596   596
        692   681   681   683   683   692   596   681   596   681
        726   683   681   726   692   726   681   699   681   683
        729   727   728   728   726   729   683   728   681   692
        729   728   729   729   729   729   728   729   728   726
        758   729   729   729   729   758   729   729   729   729
        803   758   758   758   758   803   758   758   758   758
        839   839   839   818   818   839   839   839   839   818
        840   840   840   839   839   840   840   840   840   839
  
  
CYCLE:    13
ENSEMBLE  1     2     3     4     5     6     7     8     9    10
  
         10    10    10    10    10    10    10    10    10    10
         11    11    11    11    11    11    11    11    11    11
         14    14    14    14   156   156   186   156   156   156
         79    79    79    79   186   186   381   186   186   186
        156   156   156   156   374   374   508   374   374   374
        186   186   186   186   381   381   516   381   381   381
        374   374   374   374   508   508   680   508   508   508
        516   516   516   516   517   516   682   516   517   516
        541   541   541   541   596   596   692   680   596   596
        596   596   680   680   680   680   693   682   680   680
        680   680   682   682   692   692   726   692   692   692
        692   692   692   692   726   726   726   726   726   726
        726   726   726   726   726   726   728   726   726   726
        726   726   726   726   728   728   731   728   728   728
        728   728   728   728   731   731   742   731   731   731
        731   731   731   731   755   755   755   755   755   755
        758   758   758   758   758   758   758   758   758   758
        788   788   788   788   788   788   788   788   788   788
        838   838   838   838   838   838   838   838   838   838
        843   842   843   842   843   843   843   843   842   842
  
  
CYCLE:    14
ENSEMBLE  1     2     3     4     5     6     7     8     9    10
  
         32   463   156   156   284   284   156   156   156   156
        156   482   482   482   309   309   482   482   284   284
        482   503   503   503   503   503   503   503   377   377
        503   516   516   516   516   516   516   516   503   503
        516   517   517   517   517   517   517   517   516   516
        517   517   517   517   517   517   517   517   517   517
        517   537   562   537   537   537   537   537   517   517
        537   562   597   562   562   562   597   562   562   537
        562   597   681   597   597   596   681   597   597   596
        597   681   681   681   681   597   682   678   681   597
        681   681   683   681   682   682   683   683   681   683
        683   683   708   683   683   683   687   683   708   687
        683   709   709   709   709   709   709   709   709   709
        709   726   726   726   726   726   726   726   726   726
        726   729   729   729   729   729   729   729   729   729
        729   732   732   746   732   732   732   732   732   732
        732   746   746   755   746   746   746   746   746   746
        838   838   838   838   838   838   838   838   838   838
        839   839   839   839   839   839   839   839   839   839
        863   863   863   863   863   863   863   863   863   863
  
  
CYCLE:    15
ENSEMBLE  1     2     3     4     5     6     7     8     9    10
  
          6     6     6     6     6     6     6     6     6     6
          6     6     6     6     6     6     6     6     6     6
         15    15    15     7    15     9    15    15    15     9
         71    71    71    15    71    15    71    71    71    15
        284   302   302    71   512    71   284   299   299    71
        512   444   304   512   512   284   512   512   302   284
        512   512   512   512   516   512   512   512   512   512
        516   512   512   516   517   512   516   516   512   512
        517   516   516   517   540   516   517   517   516   516
        541   517   517   533   541   517   541   541   517   517
        541   541   541   541   578   541   541   578   536   533
        578   541   541   578   682   578   578   682   541   541
        682   682   682   611   682   682   682   682   682   578
        682   682   682   682   689   682   682   728   682   682
        720   728   728   682   728   729   728   729   728   682
        728   729   729   729   729   768   729   768   729   729
        729   768   768   755   768   774   768   774   768   768
        768   774   774   768   774   796   795   796   774   774
        838   838   838   838   838   838   838   838   838   838
        843   843   843   843   843   843   843   843   843   843
  
  
CYCLE:    16
ENSEMBLE  1     2     3     4     5     6     7     8     9    10
  
         10    10     1    10    10     1    10    10    10     3
         17    17     3    17    17     3    17    17    17    10
         73    73    10    73    73    10    73    73    73    17
        125   373    17   373   373    17   373   373   125    73
        373   476    73   476   476    73   477   477   373   373
        525   477   373   477   477   373   525   525   525   525
        525   525   525   508   508   525   525   525   525   525
        530   525   525   525   525   525   530   530   530   530
        537   530   530   525   525   530   537   561   537   537
        674   674   537   530   530   537   674   674   642   642
        682   682   674   674   596   642   682   682   674   674
        726   696   682   682   674   674   720   696   681   681
        726   726   726   726   726   681   726   726   726   720
        728   726   726   726   726   726   726   726   726   726
        728   728   728   728   728   726   728   728   728   726
        732   728   728   728   728   728   728   728   728   728
        755   731   755   731   731   728   755   731   732   728
        839   839   839   839   839   839   839   839   839   839
        845   845   845   845   845   845   844   844   845   845
        846   846   846   846   846   846   846   846   846   846
  
  
CYCLE:    17
ENSEMBLE  1     2     3     4     5     6     7     8     9    10
  
         15    15    15    15    15    15    15    15    15    15
        125   125   161   161   161   125   161   161   161   168
        161   161   381   381   381   135   292   381   381   292
        381   381   477   481   476   381   381   477   476   381
        436   436   481   513   477   436   383   481   477   383
        497   497   513   513   513   513   477   513   513   446
        513   513   513   537   513   513   513   513   513   513
        513   513   537   681   537   537   513   537   537   513
        537   537   681   681   681   573   537   681   681   537
        681   681   681   692   681   681   681   681   681   681
        681   681   692   693   692   681   681   692   692   681
        692   692   694   694   694   692   692   694   694   692
        727   727   729   729   727   727   694   729   727   693
        729   729   731   731   729   729   731   731   729   694
        731   731   731   731   731   731   731   731   731   731
        808   809   809   808   809   809   809   808   808   809
        838   838   838   838   838   838   838   838   838   838
        840   840   840   840   840   840   840   840   840   840
        840   840   840   840   840   840   840   840   840   840
        863   863   863   863   863   863   863   863   863   863
  
  
CYCLE:    18
ENSEMBLE  1     2     3     4     5     6     7     8     9    10
  
        297    13    13   297   305    13    13   305     4     4
        305   297   297   305   372   297   297   372   305   306
        372   305   306   372   382   306   306   382   372   372
        382   372   372   382   395   372   372   399   382   382
        395   395   395   395   440   395   395   497   395   399
        505   505   505   505   505   505   505   505   505   497
        508   508   508   508   508   508   508   508   508   505
        508   508   508   508   508   508   508   508   508   508
        517   517   517   517   517   517   517   517   517   508
        526   526   526   526   526   526   526   526   526   517
        596   596   596   596   592   596   678   592   536   526
        678   678   678   678   596   678   681   596   678   678
        688   688   688   688   678   688   688   678   681   681
        696   708   708   696   696   696   696   696   708   696
        708   731   731   708   708   708   708   708   731   708
        731   749   749   731   731   731   731   731   749   731
        749   752   752   749   749   749   749   749   752   749
        752   755   755   795   752   752   752   752   755   752
        840   840   840   840   840   840   840   840   840   840
        840   840   840   840   840   840   840   840   840   840
  
  
CYCLE:    19
ENSEMBLE  1     2     3     4     5     6     7     8     9    10
  
        376   376   376   376   376   376     4   376   376   376
        377   381   395   395   381   395   378   395   377   395
        395   395   395   395   395   395   381   395   395   395
        395   395   434   434   395   434   384   434   395   434
        434   434   464   464   434   464   395   464   434   464
        464   464   464   464   464   464   395   464   464   464
        464   464   508   508   464   508   464   508   464   508
        508   508   508   508   508   508   477   508   508   508
        508   508   513   513   508   513   508   513   508   513
        513   513   526   526   513   526   508   526   513   526
        526   526   530   530   526   674   513   530   526   530
        530   530   674   674   674   682   526   674   674   674
        674   674   682   682   682   691   674   683   691   686
        691   682   691   691   691   692   682   691   692   691
        716   691   716   716   692   716   686   716   716   716
        728   716   728   728   716   728   716   728   728   728
        741   741   741   741   741   741   741   741   741   741
        761   761   761   839   761   839   761   761   839   839
        839   839   839   856   839   856   839   839   856   856
        863   863   863   863   863   863   863   863   863   863
  
  
CYCLE:    20
ENSEMBLE  1     2     3     4     5     6     7     8     9    10
  
          4     4    34     4    34     3    71     4     4     3
         34    73    71    73    71     4    73    34    32     4
         73   307    73   307    73    32   307    73    34    34
        307   372   307   372   307    34   372   307    71    73
        372   388   372   388   372    73   388   372    73   281
        388   525   388   525   388   307   525   388   307   307
        525   525   525   525   525   388   525   525   388   372
        525   525   525   525   525   525   525   525   525   388
        525   527   525   527   525   525   527   525   525   525
        527   533   527   533   527   525   533   527   525   525
        533   540   533   540   533   527   592   533   527   525
        540   592   592   592   592   540   596   540   533   527
        592   681   686   596   596   683   693   592   592   540
        681   709   693   709   693   686   709   596   681   681
        709   709   709   709   709   709   709   709   709   683
        709   728   709   728   709   709   728   709   709   709
        728   788   728   788   728   728   788   728   728   709
        788   841   788   841   788   788   841   788   788   788
        841   845   841   845   841   841   845   841   841   841
        845   878   845   878   845   845   878   845   845   845
  
  
CYCLE:    21
ENSEMBLE  1     2     3     4     5     6     7     8     9    10
  
         12    13    12    12    13    13    12    12    12    12
         14    14    14    13    14    14    13    14    13    12
         72    72    80    14    72    80    14    72    14    14
         80    80    80    80    80    80    72    80    72    72
         80    80   288    80    80   288    80    80    80    80
        288   288   311   311   309   311    80   309    80    80
        311   311   508   441   311   508   311   311   309   297
        434   434   536   508   434   536   441   434   311   311
        508   508   537   536   508   537   463   508   508   463
        537   537   681   537   537   681   508   537   536   508
        541   541   686   541   541   686   537   541   537   537
        681   681   694   681   694   694   541   694   541   541
        694   694   728   686   694   728   681   694   681   681
        728   728   731   694   728   731   694   728   694   694
        731   731   731   728   731   731   728   731   728   728
        731   731   742   731   731   742   731   731   731   731
        742   742   767   767   742   767   767   742   767   767
        840   840   840   840   840   840   839   840   840   840
        840   840   840   840   840   840   840   840   840   840
        845   845   845   845   845   845   845   845   845   845
  
  
CYCLE:    22
ENSEMBLE  1     2     3     4     5     6     7     8     9    10
  
          1    11     1     1     1    11    11     1     1    11
         11   282    11   305    11   282   305     5    11   282
        282   305   282   313   282   305   306    11   305   305
        305   313   305   376   305   313   376   282   313   313
        313   513   306   377   306   513   513   305   376   513
        513   525   513   399   376   525   523   306   513   525
        525   525   525   511   513   525   525   513   523   525
        525   541   525   513   525   541   525   525   525   538
        537   596   538   525   525   596   541   525   525   596
        596   607   596   525   541   607   552   538   541   608
        670   696   670   538   596   706   596   596   596   696
        706   706   706   596   670   706   690   706   690   706
        706   706   706   670   706   727   706   706   706   706
        727   727   727   706   706   729   706   727   706   727
        729   729   729   706   727   742   727   729   727   729
        742   742   742   742   742   742   742   742   742   742
        742   742   742   742   742   767   742   742   742   742
        767   767   767   767   767   795   767   767   767   767
        838   838   838   838   838   838   838   838   838   838
        845   845   845   845   845   845   845   845   845   845
  
  
CYCLE:    23
ENSEMBLE  1     2     3     4     5     6     7     8     9    10
  
        311   311   311   311     8   272   272   311     8   374
        377   377   377   377   311   311   374   377   374   377
        482   482   482   482   377   377   377   482   377   482
        482   482   482   482   482   482   482   482   482   482
        512   512   512   512   482   482   482   512   482   512
        516   516   516   516   512   512   512   516   512   516
        540   540   540   540   516   516   516   540   516   540
        674   674   674   674   540   540   540   674   540   674
        679   679   679   679   674   674   674   679   674   681
        681   681   681   681   679   679   681   681   681   686
        686   686   686   684   681   681   686   686   686   686
        686   686   686   686   686   686   686   686   686   691
        691   691   691   686   686   686   691   691   692   692
        692   692   692   691   692   691   692   692   727   696
        727   696   727   692   696   692   727   727   731   727
        731   727   731   727   727   727   731   753   755   731
        755   731   752   731   731   731   784   755   784   838
        838   838   838   838   838   838   838   838   838   838
        838   838   838   838   838   838   838   838   838   839
        839   839   839   839   839   839   839   839   839   861
  
  
CYCLE:    24
ENSEMBLE  1     2     3     4     5     6     7     8     9    10
  
         15    15     1    15    15     1     1     1     1    15
         56    56    15    56    56    15    15    15    15    56
         56    56    56    56    56    56    56    56    56    56
        447   282    56   282   447    56    56    56    56   273
        476   476    71   476   476   447    71   447    71   282
        516   516   273   516   516   516   273   516   273   476
        529   529   282   529   529   529   447   529   282   516
        674   674   516   674   674   674   516   674   516   529
        678   678   529   678   678   678   529   678   529   604
        681   681   674   681   681   681   674   681   674   674
        681   681   678   681   681   681   678   681   678   678
        684   684   681   684   684   692   681   692   681   681
        692   692   681   692   692   724   681   724   681   681
        724   724   692   724   724   739   692   739   692   692
        739   739   739   739   739   749   739   749   739   739
        749   749   749   749   749   795   749   795   749   749
        818   838   818   818   838   818   818   838   838   838
        838   840   838   838   840   838   838   840   840   840
        840   845   840   840   845   840   840   845   845   845
        863   863   863   863   863   863   863   863   863   863
  
  
CYCLE:    25
ENSEMBLE  1     2     3     4     5     6     7     8     9    10
  
         62    62    62    62     6    62    62    62    62    62
        125   125   125    71    62   125    71   125   125   168
        156   381   381   156   168   156   125   381   381   381
        381   392   392   168   381   381   156   392   392   392
        392   477   477   381   392   392   381   463   434   434
        434   503   503   392   477   477   392   477   463   463
        477   516   516   503   503   503   503   503   477   477
        503   516   516   516   516   516   516   516   503   503
        516   533   533   516   516   516   516   516   516   516
        516   537   537   530   530   533   530   533   516   516
        533   597   596   533   537   537   533   537   533   530
        537   681   597   537   597   597   537   596   537   533
        681   683   683   597   681   681   597   597   596   537
        683   683   683   681   683   683   681   683   683   681
        683   686   686   683   683   683   683   683   683   683
        728   731   731   683   731   686   683   686   728   683
        731   796   796   731   796   731   731   731   731   731
        818   818   818   818   818   818   818   818   818   818
        818   818   818   818   818   818   839   818   839   818
        839   839   839   818   839   839   846   839   844   839
  
  
CYCLE:    26
ENSEMBLE  1     2     3     4     5     6     7     8     9    10
  
         11    11    11    11    11    11    11    11    11    11
         13    13    13    13    13    13    13    13    13    13
        299   284   299   299   309   299   299   299   308   299
        301   299   301   301   381   308   381   301   309   301
        308   381   381   381   381   309   381   381   381   381
        381   381   381   381   434   381   439   381   381   381
        381   465   434   434   439   381   465   434   434   434
        434   513   439   439   459   434   513   439   439   439
        439   516   513   513   476   439   516   464   459   497
        476   525   516   516   513   476   525   513   476   513
        513   544   525   525   516   513   544   516   513   516
        516   596   544   544   525   516   678   525   516   525
        525   678   570   584   544   525   686   544   525   544
        544   686   584   682   686   544   686   596   544   570
        686   723   682   686   686   682   723   686   686   686
        686   723   686   723   723   686   723   723   686   686
        840   818   818   818   840   818   818   818   840   818
        843   843   843   843   843   843   844   843   843   843
        850   850   850   850   850   850   850   850   850   850
        850   850   850   850   850   850   850   850   850   850
  
  
CYCLE:    27
ENSEMBLE  1     2     3     4     5     6     7     8     9    10
  
         13    12    13    12    13    13    13    13    12    13
         74    74    74    74    74    74    74    30    74    74
        372   372   372   372   372   372   372    74   372   372
        372   372   372   372   372   372   372   372   372   372
        513   513   513   513   513   513   513   372   513   513
        537   537   537   537   537   537   537   513   537   537
        537   537   537   537   537   537   537   537   537   537
        537   537   537   537   537   537   537   537   537   537
        578   578   578   578   578   578   578   537   578   578
        596   596   596   596   596   596   596   596   596   596
        596   596   596   596   596   596   596   596   596   596
        678   678   678   678   678   678   678   678   611   611
        683   683   683   683   683   683   683   683   678   678
        685   685   685   685   685   685   715   685   683   683
        715   715   715   715   715   715   715   715   685   685
        715   715   715   715   715   715   756   715   715   715
        750   750   750   750   750   750   764   750   715   715
        839   818   818   818   839   818   839   818   818   839
        842   842   842   843   843   843   842   842   842   842
        877   877   877   877   877   877   877   877   877   877
  
  
CYCLE:    28
ENSEMBLE  1     2     3     4     5     6     7     8     9    10
  
          1     9    12     9    12     1    12    12    12     9
         12    12   306    12   306    12   306   306   306    12
        306   306   395   306   395   306   395   395   395   306
        395   316   525   395   525   395   525   525   525   316
        525   525   525   525   525   525   525   525   525   525
        525   525   537   525   537   525   537   537   537   525
        537   537   592   537   592   537   592   592   682   537
        592   553   609   553   596   592   596   596   686   553
        682   592   682   592   684   596   686   609   686   592
        686   682   686   609   686   686   686   684   690   609
        686   686   686   682   686   686   692   686   692   682
        692   692   692   686   692   692   722   686   722   686
        722   722   726   692   722   726   726   692   726   692
        726   726   741   726   726   741   741   726   741   726
        741   741   742   741   741   742   742   741   742   741
        742   742   760   742   742   750   754   742   760   742
        818   818   818   818   818   818   818   818   818   818
        840   840   840   840   840   840   840   840   840   840
        841   841   841   841   841   841   841   841   841   841
        875   875   875   875   875   875   875   875   875   875
  
  
CYCLE:    29
ENSEMBLE  1     2     3     4     5     6     7     8     9    10
  
         13    13    13     2     2    13    13     2     2     2
        136   136   136     9    13   136    69    13    13    13
        136   136   136    13   136   136   136   136   136    16
        317   317   317    69   136   317   136   136   136   136
        380   380   380   136   380   380   317   380   380   136
        395   395   395   136   515   395   380   515   515   380
        515   395   515   380   530   515   395   530   530   515
        537   515   537   395   537   537   515   537   537   530
        540   537   540   515   540   540   537   540   540   537
        596   540   599   537   596   596   540   599   599   540
        599   596   673   540   599   599   599   673   673   673
        673   673   677   596   673   673   673   677   677   677
        677   677   681   599   677   677   677   681   681   681
        682   682   682   677   682   682   681   682   682   682
        692   692   692   682   692   692   682   692   692   692
        696   696   696   692   716   716   692   716   696   716
        716   716   716   716   755   755   716   755   716   755
        786   786   786   786   786   786   786   786   786   786
        818   818   818   818   839   818   818   839   839   839
        839   839   839   839   841   839   839   841   841   841
  
  
CYCLE:    30
ENSEMBLE  1     2     3     4     5     6     7     8     9    10
  
         31    31    31    31    31    31    31    31    31    31
        284   287   284   284   287   287   287   284   284   284
        287   373   287   287   373   373   373   373   287   287
        373   453   373   373   447   447   453   442   299   373
        503   503   503   503   503   503   503   503   373   503
        508   508   513   508   508   508   508   508   503   513
        513   513   525   513   513   513   513   513   508   525
        525   525   526   525   525   525   525   525   513   526
        596   596   596   596   596   596   596   596   525   596
        596   596   596   596   596   596   596   596   596   596
        602   602   602   602   602   602   602   602   596   602
        686   678   686   692   686   686   678   692   602   686
        692   686   692   710   692   692   686   698   686   692
        698   692   698   728   710   698   692   728   692   698
        742   698   742   742   742   742   698   742   742   742
        749   742   749   749   749   749   742   749   749   749
        767   749   767   767   767   767   749   767   767   767
        840   840   840   840   840   840   840   840   840   840
        841   841   841   841   841   841   841   841   841   841
        843   843   843   842   843   843   842   843   843   842
  
  
CYCLE:    31
ENSEMBLE  1     2     3     4     5     6     7     8     9    10
  
         13    13    12    12    12    13    12    13    12    13
         15    15    15    15    15    15    15    15    15    15
         17    17    17    17    17    17    17    17    17    17
        186   186   186   186   186   186   186   186   186   186
        306   305   306   306   305   306   306   305   305   306
        515   515   515   515   515   515   515   515   515   515
        516   516   516   516   516   516   516   516   516   516
        525   525   525   525   525   525   525   525   525   525
        533   533   533   533   533   533   533   681   533   533
        681   681   681   681   681   681   681   681   681   681
        681   681   681   681   681   681   681   681   681   681
        681   681   681   681   681   681   681   682   681   681
        682   682   686   682   682   686   682   708   686   682
        708   708   708   708   708   708   715   715   708   715
        715   715   715   715   715   715   731   731   715   731
        731   731   731   731   731   731   731   731   731   731
        731   731   731   731   731   731   731   749   731   749
        749   749   749   749   749   749   749   796   749   753
        818   818   818   818   818   818   818   818   818   841
        868   868   868   868   868   868   868   868   868   868
  
  
CYCLE:    32
ENSEMBLE  1     2     3     4     5     6     7     8     9    10
  
        292   292    62   292   302    62   110   292   160   158
        302   302   110   302   323   160   302   302   292   373
        323   376   160   377   373   373   373   377   377   377
        377   377   292   377   377   377   377   377   377   377
        377   377   377   382   377   377   377   382   382   382
        382   432   377   450   382   398   382   432   432   398
        398   450   398   501   398   537   398   450   450   432
        537   537   537   537   537   563   537   537   537   537
        673   673   673   673   673   673   673   673   673   673
        674   674   674   674   674   674   674   674   674   674
        683   683   683   683   683   683   683   683   683   683
        683   683   683   683   709   709   709   683   683   709
        709   709   709   709   709   709   709   709   709   709
        709   709   709   709   726   726   726   709   709   726
        726   726   726   726   750   762   750   726   726   762
        787   787   787   787   787   787   787   787   787   787
        838   818   818   838   838   818   838   818   818   818
        839   838   818   839   839   838   839   838   838   838
        840   840   838   840   840   840   840   840   839   840
        841   841   841   841   841   841   841   841   841   841
  
  
CYCLE:    33
ENSEMBLE  1     2     3     4     5     6     7     8     9    10
  
         10    10    10    10    10    10    10    10    10    10
        285   285   285   285   285   285   285   285   285   285
        305   305   305   305   305   305   305   305   305   305
        391   391   491   391   508   498   508   491   508   508
        508   508   508   508   513   508   513   508   513   513
        513   513   513   513   516   513   516   513   516   516
        517   517   517   517   520   517   520   517   520   520
        520   520   520   520   604   520   604   520   542   542
        542   542   674   542   674   542   674   674   604   604
        604   604   675   604   675   674   675   675   674   674
        674   674   742   674   742   675   742   742   675   675
        675   675   742   675   742   696   742   742   742   742
        742   742   755   742   755   742   755   755   742   742
        742   742   755   742   755   742   755   755   755   755
        755   755   767   755   757   755   757   767   755   755
        755   757   768   755   767   757   767   768   767   767
        757   767   796   757   796   767   796   796   768   768
        767   774   840   767   840   840   840   840   840   840
        840   840   842   840   843   842   842   843   842   843
        842   843   884   843   884   884   884   884   884   884
  
  
CYCLE:    34
ENSEMBLE  1     2     3     4     5     6     7     8     9    10
  
          6     6     6     6     6     6     6     6     6     6
          6     6     6     6     6    56     6     6     6     6
         56    56    56    56    56    60    56    56    56    56
         60    60    60    60    60   434    60    60    60    60
        525   525   304   304   304   439   304   304   304   304
        533   533   525   525   525   491   434   434   525   525
        537   537   533   533   533   525   525   525   533   533
        596   596   537   537   537   533   533   533   537   537
        596   596   596   596   596   537   537   537   596   596
        598   599   599   596   598   596   596   596   596   599
        613   613   613   599   613   596   596   596   598   613
        692   692   682   613   682   599   599   599   613   682
        699   699   692   692   692   671   613   671   692   727
        728   728   728   728   728   692   692   692   728   728
        750   750   750   750   750   728   728   728   750   750
        818   818   818   818   818   818   818   818   818   818
        840   840   840   840   840   840   840   840   840   840
        840   840   840   840   840   840   840   840   840   840
        841   841   841   841   841   841   841   841   841   841
        872   872   872   872   872   872   872   872   872   872
  
  
CYCLE:    35
ENSEMBLE  1     2     3     4     5     6     7     8     9    10
  
         14    14    14    14    14     1    14     1    14     1
         14   167   167   272    14    14   272    14    14    14
        272   284   284   284   167   272   284    14   272    14
        284   374   374   374   284   374   374   272   374   272
        374   444   444   444   374   444   444   374   439   284
        517   517   517   517   517   482   517   482   517   374
        526   526   526   526   526   517   526   517   526   517
        526   526   526   526   526   526   526   526   526   526
        534   599   598   596   534   526   599   526   598   526
        570   674   674   598   596   596   674   596   674   596
        596   681   682   674   596   599   681   598   681   598
        599   686   686   686   599   674   686   674   682   674
        674   696   696   715   674   686   696   681   688   681
        681   696   715   728   683   715   715   686   715   686
        683   715   728   728   715   728   728   715   723   696
        715   728   728   752   723   728   728   723   752   715
        757   728   757   757   757   757   752   757   757   723
        774   757   774   774   774   774   757   774   774   757
        840   840   840   840   840   840   840   840   840   840
        840   840   840   840   840   840   840   840   840   840
  
  
CYCLE:    36
ENSEMBLE  1     2     3     4     5     6     7     8     9    10
  
         52    52    52    52    52    52    52    52    52     6
        100   292   306   306   306   100   306   292   100    52
        306   306   374   374   374   306   374   306   306   100
        374   374   383   383   383   374   383   374   376   306
        383   383   481   481   481   383   517   383   383   376
        498   517   517   517   517   498   525   498   481   383
        517   525   525   525   525   517   529   517   498   498
        525   529   529   529   529   525   562   525   517   517
        600   562   562   541   541   541   600   529   525   525
        678   604   604   562   562   596   604   562   529   600
        681   678   678   596   604   600   678   678   678   678
        692   681   681   604   678   678   681   681   681   686
        692   692   692   678   681   692   692   692   692   692
        698   692   692   692   692   692   692   692   728   728
        731   731   731   692   692   698   731   731   731   731
        786   786   786   786   786   786   786   786   786   786
        839   839   839   839   839   839   839   839   839   839
        839   839   839   839   839   839   839   839   839   839
        840   840   840   840   840   840   840   840   840   840
        863   863   863   863   863   863   863   863   863   863
  
  
CYCLE:    37
ENSEMBLE  1     2     3     4     5     6     7     8     9    10
  
         13     6     6     6    13    13    13    13    13    13
         79    13    12    13    79    80    79    80    80    79
        383    79    79    79   304   292   383   383   375   304
        436   375   375   375   383   304   436   436   436   383
        436   436   436   436   436   383   436   436   436   436
        444   436   436   436   436   436   441   444   444   436
        516   469   469   469   444   436   444   516   444   516
        525   516   516   516   516   516   516   525   516   525
        533   525   525   525   525   525   525   533   525   533
        570   570   570   570   533   533   533   570   533   570
        592   592   592   592   570   570   570   592   570   592
        596   681   681   596   592   596   596   596   592   596
        683   683   683   683   596   683   682   600   596   683
        683   683   683   683   683   683   683   683   682   683
        699   699   699   699   683   690   690   683   683   699
        731   731   731   731   731   731   731   720   720   731
        738   738   738   738   738   738   738   738   738   738
        840   840   840   840   840   840   840   840   840   840
        842   842   842   842   842   842   843   842   843   842
        850   850   850   850   850   850   850   850   850   850
  
  
CYCLE:    38
ENSEMBLE  1     2     3     4     5     6     7     8     9    10
  
         34     3    34   156    34    16     3    34    34     3
        156    34   156   277   156    34    34   156   156    34
        277   277   277   277   277   156   277   277   277   277
        277   277   277   292   277   277   277   277   277   277
        292   395   395   395   292   277   292   395   395   292
        395   434   434   434   395   292   395   434   434   395
        434   477   475   477   434   434   434   475   477   434
        477   481   481   517   475   475   477   481   481   477
        517   517   516   520   516   516   517   516   517   517
        520   520   520   537   520   520   520   520   520   520
        537   537   537   567   537   537   537   537   537   537
        567   567   567   609   567   567   567   567   567   567
        609   609   609   678   609   609   609   678   609   596
        678   678   678   682   678   678   678   681   678   609
        682   681   681   683   682   681   682   683   681   678
        683   683   683   694   683   683   683   694   683   683
        694   694   694   818   694   694   694   803   694   694
        818   818   818   818   818   818   818   818   818   818
        818   818   818   839   818   818   818   818   818   818
        839   839   839   878   839   839   839   839   839   839
  
  
CYCLE:    39
ENSEMBLE  1     2     3     4     5     6     7     8     9    10
  
         10    10    10    10    10    10    10    10    10    10
         10    10    10    10    10    10    10    10    10    10
         13    13    13    13    13    13    13    13    13    13
         56    64    56    56    56    56    56    56    64    56
         72    72    72    72    72    72    72    72    72    72
        284   379   379   178   284   178   178   178   178   178
        379   475   475   304   379   380   379   379   379   379
        476   476   476   380   476   533   475   491   475   475
        503   533   533   491   533   540   533   540   503   533
        533   533   533   540   533   602   540   600   533   533
        540   602   602   602   602   644   602   602   540   602
        602   678   678   678   678   678   678   678   602   678
        678   694   694   694   694   694   694   694   678   694
        694   694   694   694   694   694   694   694   694   694
        694   726   726   726   726   726   726   726   694   726
        726   731   731   731   731   731   731   731   726   731
        767   767   767   767   767   767   767   767   767   767
        838   818   818   818   818   818   818   818   838   818
        838   838   838   838   838   838   838   838   838   838
        841   838   838   838   838   838   838   838   841   838
  
  
CYCLE:    40
ENSEMBLE  1     2     3     4     5     6     7     8     9    10
  
          7     7     7     7     7     7     7     7     7     7
         31     9     9    31     9    31    31    31     9    60
         60    31    31    60    31    60    60    60    31    71
         71    60    60    71    60    71    71    71    60    72
         72    71    71    72    71    72    72    72    71    72
         72    72    72    72    72    72    72    72    72   100
         80    72    72    80    72    80    80    80    72   284
        100    80    80   100    80   100   100   100    80   305
        305   100   100   305   100   305   305   305   100   436
        436   284   284   436   284   436   445   436   284   503
        482   305   305   482   305   516   516   482   305   508
        503   503   503   516   503   517   517   516   503   516
        516   516   516   517   516   525   525   517   516   517
        517   517   517   525   517   526   526   525   517   525
        525   525   525   526   525   587   596   526   525   526
        526   526   526   681   526   596   598   596   526   599
        681   596   596   692   599   692   686   692   598   677
        692   598   599   761   681   788   788   761   681   682
        788   788   788   788   788   839   839   788   788   788
        839   839   839   839   839   857   857   839   839   839
  
  
CYCLE:    41
ENSEMBLE  1     2     3     4     5     6     7     8     9    10
  
          6     3     3     3     3     3     3     6     3     6
         10    10    10    10    10    10    10    10    10    10
         12    13    12    12    12    13    13    13    12    12
        186   121   186   121   121   186   186   186    15   186
        439   316   316   439   316   436   316   439   186   439
        449   439   439   449   439   439   436   449   436   449
        497   449   449   497   449   449   439   497   439   497
        508   497   497   508   497   508   449   508   497   508
        513   508   508   513   508   513   508   513   508   513
        596   513   513   596   513   571   513   596   513   596
        599   596   596   599   596   599   571   599   596   599
        674   674   674   674   674   674   674   674   599   635
        682   682   682   682   682   682   682   682   674   674
        694   694   694   694   694   696   696   694   682   682
        696   696   696   696   696   696   696   696   696   694
        696   696   696   696   696   709   709   696   696   696
        726   726   726   726   726   726   726   726   726   696
        839   839   839   839   839   839   839   839   839   726
        839   839   839   839   839   839   839   839   839   839
        846   846   846   846   846   846   846   846   846   839
  
  
CYCLE:    42
ENSEMBLE  1     2     3     4     5     6     7     8     9    10
  
        125   125   125   125   125   125   125   125   125   125
        382   372   382   382   382   382   372   372   382   395
        395   382   395   395   395   448   382   382   434   448
        513   434   513   399   513   513   399   434   448   513
        520   513   520   513   520   520   434   513   448   520
        520   520   520   520   520   520   513   520   513   520
        527   520   527   520   527   527   520   520   520   527
        537   527   537   527   587   587   520   527   520   537
        587   537   587   537   591   598   527   537   527   596
        596   587   598   587   598   598   537   587   537   598
        598   598   598   596   598   598   587   598   598   598
        598   598   598   598   598   674   596   598   598   598
        598   598   609   598   674   681   598   598   598   609
        674   674   674   609   681   682   598   609   609   674
        681   682   681   674   682   708   674   674   674   681
        755   757   682   681   696   757   757   682   682   785
        785   765   785   785   755   765   765   765   765   804
        804   804   804   804   765   804   804   804   804   839
        839   839   839   839   839   839   839   839   839   840
        840   840   840   840   840   840   840   840   840   886
  
  
CYCLE:    43
ENSEMBLE  1     2     3     4     5     6     7     8     9    10
  
          4     4     4     4     4     4     4     4    11     4
         11    11    11    11    11    11    11    11    18    11
         18    18    18    18    18    18    18    18   161    18
        161    64   161   161   161    71   161   161   374    64
        294   294   374   374   374   161   374   374   513   166
        374   374   513   513   513   374   513   513   525   294
        513   513   525   525   525   513   525   525   604   374
        525   525   540   538   540   525   540   534   635   513
        540   540   682   540   542   542   682   540   682   525
        682   542   715   542   682   635   715   682   715   540
        715   682   731   682   715   682   733   715   724   682
        731   715   745   715   731   715   745   745   731   715
        767   731   767   745   745   731   767   767   731   731
        786   767   786   767   767   745   786   786   745   767
        788   786   788   786   786   767   788   788   767   786
        796   788   796   788   788   786   796   796   786   788
        839   839   839   839   839   788   839   839   788   839
        839   839   839   839   839   839   839   839   839   839
        846   846   846   846   846   839   846   846   839   846
        863   863   863   863   863   863   863   863   863   863
  
  
CYCLE:    44
ENSEMBLE  1     2     3     4     5     6     7     8     9    10
  
         34     1     1     1     1    34    72    34     1    34
         72    34    72     6    34    72   275    72    34    72
        516    72   380    34    72   275   380   516    72   379
        525   380   516   380   380   380   476   525   379   476
        526   516   525   513   516   476   516   526   516   516
        526   525   526   516   525   516   525   526   525   525
        533   526   526   525   526   525   526   533   526   526
        533   526   533   526   526   526   526   533   526   526
        533   533   533   526   533   526   533   533   533   533
        540   533   533   533   533   533   533   540   533   533
        599   533   540   533   533   533   533   596   533   533
        681   540   599   540   540   533   599   599   540   540
        682   599   678   599   598   599   678   682   598   598
        727   678   682   681   678   678   682   727   678   678
        742   682   742   682   682   682   742   742   682   682
        748   742   748   742   742   742   749   748   742   742
        755   748   768   748   748   749   768   755   748   748
        768   768   818   768   768   768   818   768   768   768
        818   818   818   818   818   818   818   818   818   818
        818   818   878   818   818   818   878   818   818   818
  
  
CYCLE:    45
ENSEMBLE  1     2     3     4     5     6     7     8     9    10
  
         62    62    62    62    62    62    62    62     7    62
         73    73    73    73    73    73    73    73    62    73
        297   297   297   273   297   273   273   297    73   273
        391   391   391   391   391   391   391   391   297   391
        439   515   515   515   515   439   515   515   391   439
        503   517   517   517   517   515   517   517   439   515
        515   520   520   520   520   517   520   520   515   517
        517   533   533   533   533   520   533   533   517   520
        520   536   536   536   536   533   536   536   520   533
        533   681   681   681   681   536   681   681   533   536
        536   682   682   682   682   681   682   686   534   681
        681   692   692   692   692   682   692   692   681   682
        682   693   693   693   693   692   693   693   682   692
        692   726   726   726   726   693   726   726   693   693
        693   728   728   728   728   728   728   728   728   728
        728   751   751   751   751   731   751   751   731   731
        731   786   786   786   786   786   786   786   786   786
        786   818   838   838   838   838   838   838   818   838
        838   838   846   846   845   846   845   845   838   845
        845   857   857   857   857   857   857   857   857   857
  
  
CYCLE:    46
ENSEMBLE  1     2     3     4     5     6     7     8     9    10
  
         11    11    11    11    11    11    11    11     3    11
         61    61   305    61    61    61    61    61    11    61
        305   305   376   376   376   376   376   315    61   305
        376   376   513   513   407   513   513   376   305   376
        513   477   517   517   513   516   516   513   376   513
        517   513   533   533   517   533   533   516   513   517
        540   517   540   540   533   540   540   533   517   533
        540   540   540   540   540   540   540   540   540   540
        606   540   606   606   540   681   682   540   540   540
        681   682   681   681   606   686   686   682   682   606
        686   686   686   686   681   686   686   686   686   681
        686   686   686   686   686   702   702   686   686   686
        693   702   726   724   686   724   724   702   702   686
        726   726   729   726   708   726   726   726   726   726
        752   752   752   752   726   752   752   752   752   752
        755   755   755   755   755   755   755   755   755   755
        768   768   768   768   768   768   768   768   768   768
        818   818   818   818   818   818   818   818   818   818
        838   838   838   838   838   838   838   838   838   838
        841   841   841   841   841   841   841   841   841   841
  
  
CYCLE:    47
ENSEMBLE  1     2     3     4     5     6     7     8     9    10
  
          6     6     6     6     6     6     6     6     6     6
         10    10    10    10     6    10    10     6    10    13
         13    13    13    13    10    13    13    10    13   375
        168   168   168    69    13    69    69    13   168   487
        395   487   395   168   168   395   178    69   487   515
        487   515   487   487   395   487   395   395   515   515
        515   515   515   515   487   515   487   487   515   526
        515   526   515   515   515   515   515   515   526   530
        526   530   526   526   515   526   515   515   530   533
        530   533   530   530   526   530   526   526   533   537
        533   537   533   533   530   533   530   530   537   599
        537   599   537   537   537   537   537   537   599   612
        682   682   682   599   682   682   682   682   682   682
        683   683   683   682   683   683   683   683   683   683
        696   696   722   683   696   696   693   696   722   696
        722   722   752   696   722   733   733   733   752   722
        787   787   787   787   787   787   787   787   787   787
        839   839   839   839   839   818   839   839   839   839
        863   863   863   863   863   863   863   863   863   863
       1165  1165  1165  1165  1015  1165  1165  1015  1165  1165
  
  
CYCLE:    48
ENSEMBLE  1     2     3     4     5     6     7     8     9    10
  
          6     6     6     6     6     6     6     6     6     6
          6     6     6     6     6     6     6     6     6     6
         15    15    15    15    15    15    15    15    15    15
        277   277   277   277   277   277   277   277   277   277
        277   277   277   277   277   277   277   277   277   277
        292   375   375   284   284   284   280   375   375   375
        375   441   441   375   375   375   375   434   434   508
        508   508   508   434   434   433   434   441   508   513
        513   513   513   508   508   434   508   508   513   525
        525   525   525   513   513   508   513   513   525   530
        530   530   530   525   525   513   525   525   530   530
        530   530   530   530   530   525   530   530   530   541
        541   541   562   530   530   530   530   530   541   562
        562   562   726   541   541   530   541   541   562   689
        675   696   731   562   562   541   562   562   684   726
        726   726   749   675   675   562   675   675   689   749
        750   749   750   726   684   675   726   726   726   750
        755   750   755   755   726   726   755   755   749   755
        840   840   840   840   840   840   840   840   840   840
        840   840   840   840   840   840   840   840   840   840
  
  
CYCLE:    49
ENSEMBLE  1     2     3     4     5     6     7     8     9    10
  
          6     6     6   284   273   284     6   282   261     6
        261   261   261   327   277   316   261   382   282   261
        284   284   282   382   284   327   284   508   382   284
        316   316   316   508   382   382   382   513   508   382
        382   382   382   508   508   434   508   513   508   508
        508   434   434   513   513   491   508   517   513   508
        508   508   508   513   513   508   513   530   513   513
        513   508   508   517   517   508   513   537   517   513
        513   513   513   530   530   513   517   541   530   517
        517   513   513   537   537   513   530   596   537   530
        530   517   517   541   541   517   537   681   541   537
        537   530   530   596   596   530   541   683   596   541
        541   537   537   681   681   537   596   691   681   596
        596   541   541   683   683   541   683   691   683   681
        681   681   681   689   689   681   686   716   689   683
        683   683   683   691   691   683   691   728   691   691
        691   691   691   691   691   691   691   752   691   691
        716   716   716   716   716   716   716   755   716   716
        728   728   728   728   752   728   728   776   728   728
        840   840   840   840   840   840   840   840   840   840
  
  
CYCLE:    50
ENSEMBLE  1     2     3     4     5     6     7     8     9    10
  
          3     1     7     7     3     1     7     3    13    17
         13     3    13    13    17     3    13    17    17    52
         17    13    17    17    52    13    17    52   292   374
        292    17   469   469   376    17   469   374   469   477
        508   292   508   508   508   292   508   508   508   508
        513   508   513   513   513   508   513   513   513   513
        513   513   513   513   513   513   513   513   513   513
        517   513   517   517   517   513   517   517   517   517
        520   517   520   520   520   517   520   520   520   520
        533   520   533   533   533   520   533   533   533   533
        540   533   540   540   540   533   540   540   540   540
        540   540   540   540   540   540   540   540   540   540
        596   540   561   596   602   540   596   602   602   602
        609   602   602   602   635   602   602   635   609   635
        635   635   635   609   680   635   609   680   635   680
        686   680   680   635   682   680   635   686   680   686
        838   682   682   681   767   681   686   767   682   767
        858   838   838   838   838   838   838   838   838   838
        863   863   863   863   863   863   863   863   863   863
        871   871   871   871   871   871   871   871   871   871
  
  
